Core_TOPMed	OmniExp_TOPMed	Omni25_TOPMed	MEGA_TOPMed	MAF
0.43701159974618	0.4626065725308	0.476432732230959	0.471707641604511	0.000205881625683678
0.608208788358511	0.66191741125332	0.690895918860179	0.679224019962972	0.000411759095593299
0.671637010676157	0.740249110320285	0.776619217081851	0.760551601423488	0.000617645185302491
0.706433651248691	0.784304537185071	0.829400738739732	0.810160427807487	0.000823518320469706
0.784658599827139	0.862381158167675	0.897320656871219	0.882649092480553	0.00111888995570441
0.825552224193844	0.897937955087805	0.926145750474209	0.916172061433029	0.00144086193293765
0.830549628430579	0.901920388492385	0.933043926127584	0.921345007725701	0.00164701314619969
0.838650786751282	0.911066678257846	0.940189515778493	0.930192123793793	0.00185292675215161
0.86718865053262	0.934784743017034	0.958028570026017	0.951082421088803	0.0024219700319081
0.902794701466137	0.95762745175111	0.976298101489721	0.971620612397311	0.00346574340316811
0.910914285714286	0.963028571428571	0.978514285714286	0.975714285714286	0.004500941368
0.924156238149412	0.971482745544179	0.98452787258248	0.980735684489951	0.00553385724004551
0.934489979060724	0.975969687905075	0.988034699371822	0.986339615116163	0.00655655836474225
0.935309579439252	0.975905373831776	0.984959112149533	0.98393691588785	0.00748860144421729
0.937157317587516	0.977365387318993	0.989596513426121	0.98805004920568	0.00842308646422044
0.945708376421924	0.978972768011031	0.990692864529473	0.98931402964495	0.00945738910203378
0.94047382042604	0.977901652398965	0.988851284093171	0.984670515628111	0.0104797976508063
0.947022972339428	0.979606188466948	0.988982653539616	0.988982653539616	0.0115141109704641
0.9527665317139	0.982456140350877	0.991902834008097	0.98974358974359	0.0125412765721997
0.948232323232323	0.982323232323232	0.991477272727273	0.990214646464647	0.0135632462752525
0.938313050776332	0.973982375157365	0.987410826689047	0.982794796475031	0.0144864733948804
0.949727201870616	0.977396726422447	0.987918939984411	0.985970381917381	0.0154249442322681
0.953478068232167	0.979618963225521	0.988037217545414	0.989366415595924	0.016461467523261
0.958757884522077	0.985443959243086	0.994662785055798	0.995147986414362	0.0174992815138282
0.945566778900112	0.98709315375982	0.992704826038159	0.990460157126824	0.0185188417508418
0.954846478025286	0.982540638169777	0.98735701384708	0.98735701384708	0.0195488586995786
0.956403269754768	0.981607629427793	0.989782016348774	0.989782016348774	0.020580579359673
0.954086317722681	0.980716253443526	0.988980716253444	0.987144168962351	0.0214889180899908
0.943829113924051	0.977848101265823	0.993670886075949	0.990506329113924	0.0224346325158228
0.96113074204947	0.981448763250883	0.992049469964664	0.988515901060071	0.0234619719964664
0.956841138659321	0.986225895316804	0.991735537190083	0.992653810835629	0.0244859531680441
0.956256358087487	0.987792472024415	0.993896236012208	0.993896236012208	0.0255254102746694
0.965050732807215	0.99098083427283	0.992108229988726	0.988726042841037	0.0265468519729425
0.959608323133415	0.993880048959608	0.996328029375765	0.997552019583843	0.0275672911872705
0.95049504950495	0.988448844884488	0.996699669966997	0.995049504950495	0.0284903863036304
0.945147679324895	0.983122362869198	0.991561181434599	0.990154711673699	0.0294413172995781
0.95619335347432	0.986404833836858	0.990936555891239	0.987915407854985	0.0304713188821752
0.961715160796325	0.98468606431853	0.992343032159265	0.990811638591118	0.0314845810107198
0.96964586846543	0.993254637436762	0.993254637436762	0.996627318718381	0.0325316954468803
0.964684014869889	0.985130111524164	0.990706319702602	0.996282527881041	0.0335621163568773
0.970873786407767	0.994174757281553	0.998058252427184	0.998058252427184	0.0345831570873786
0.962566844919786	0.986631016042781	0.997326203208556	0.994652406417112	0.0354935927807487
0.976241900647948	0.991360691144708	0.997840172786177	1	0.036441382937365
0.966517857142857	0.993303571428571	0.997767857142857	0.991071428571429	0.0374606716517857
0.949868073878628	0.986807387862797	0.997361477572559	0.984168865435356	0.0384872155672823
0.982195845697329	0.991097922848665	0.99406528189911	0.99406528189911	0.0395187792284867
0.972299168975069	0.994459833795014	1	1	0.0405571265927978
0.97134670487106	0.98567335243553	0.994269340974212	0.994269340974212	0.0415956243553009
0.967391304347826	0.992753623188406	1	1	0.0424965286231884
0.976401179941003	0.991150442477876	0.997050147492625	0.994100294985251	0.043411894100295
0.955479452054795	0.986301369863014	1	1	0.0444940428082192
0.988929889298893	0.996309963099631	0.996309963099631	1	0.0454983269372694
0.977941176470588	1	1	1	0.0465368525735294
0.966244725738397	0.987341772151899	0.9957805907173	0.9957805907173	0.0475380814345992
0.965648854961832	0.99236641221374	0.99236641221374	0.988549618320611	0.0485713339694656
0.975247524752475	0.99009900990099	0.995049504950495	1	0.0495118569306931
0.957446808510638	0.982978723404255	0.995744680851064	0.995744680851064	0.0504216246808511
0.985645933014354	0.995215311004785	0.995215311004785	0.995215311004785	0.0514584961722488
0.983783783783784	1	1	1	0.0525210437837838
0.989130434782609	0.989130434782609	0.994565217391304	0.994565217391304	0.053475872826087
0.974619289340102	0.99492385786802	1	1	0.0545063654822335
0.973262032085562	0.983957219251337	0.989304812834225	1	0.0555638588235294
0.986577181208054	0.993288590604027	0.993288590604027	0.993288590604027	0.0565115228187919
0.966442953020134	0.979865771812081	0.986577181208054	0.993288590604027	0.0574630208053691
0.977401129943503	1	1	1	0.0584473717514124
0.994318181818182	1	1	1	0.0594746556818182
0.985294117647059	0.985294117647059	0.992647058823529	0.992647058823529	0.0605061022058824
0.957446808510638	0.978723404255319	1	1	0.0615919865248227
0.991869918699187	1	1	1	0.0625891008130081
0.976744186046512	0.976744186046512	0.988372093023256	0.988372093023256	0.0634551406976744
0.9921875	1	1	1	0.0644402046875
0.985714285714286	1	1	1	0.0654453592857143
1	1	1	1	0.0664413248120301
0.991596638655462	1	1	1	0.0674933857142857
0.984496124031008	1	1	1	0.0684698441860465
0.950980392156863	0.990196078431373	0.990196078431373	0.990196078431373	0.0695862441176471
0.96875	0.989583333333333	0.989583333333333	0.989583333333333	0.0705385114583333
0.989795918367347	1	1	1	0.0714718244897959
0.990909090909091	1	1	1	0.0724210718181818
0.968421052631579	0.989473684210526	1	1	0.0734986263157895
0.98989898989899	0.98989898989899	0.98989898989899	1	0.0745313161616162
1	1	1	1	0.0754816431192661
0.979381443298969	1	1	1	0.0765673536082474
0.975609756097561	0.975609756097561	0.98780487804878	1	0.0774405012195122
0.988505747126437	1	1	1	0.0784676137931034
0.9875	1	1	1	0.07944405625
0.987012987012987	1	1	1	0.080473561038961
0.947368421052632	0.986842105263158	1	1	0.0815262302631579
0.96969696969697	0.984848484848485	0.984848484848485	0.984848484848485	0.0825820939393939
1	1	1	1	0.0835381552238806
0.966101694915254	0.983050847457627	0.983050847457627	1	0.0844599203389831
0.985294117647059	1	1	1	0.0854197573529412
1	1	1	1	0.0864213147058824
0.981818181818182	1	1	1	0.0875489545454545
1	1	1	1	0.088506119047619
1	1	1	1	0.08956157
0.983870967741935	1	1	1	0.0905598483870968
1	1	1	1	0.0915429538461538
0.983606557377049	1	1	1	0.0923568819672131
1	1	1	1	0.0934447819672131
1	1	1	1	0.0944554907407407
0.964285714285714	0.964285714285714	0.982142857142857	1	0.0955071678571429
1	1	1	1	0.0965692081967213
0.957446808510638	0.978723404255319	1	1	0.0975404595744681
1	1	1	1	0.0985411159090909
0.980769230769231	0.980769230769231	1	0.980769230769231	0.0994109423076923
0.978260869565217	0.978260869565217	1	1	0.100521086956522
0.976744186046512	1	1	1	0.101489720930233
1	1	1	1	0.102523023255814
1	1	1	1	0.10357715
1	1	1	1	0.10452215625
1	1	1	1	0.105563088235294
0.959183673469388	1	1	1	0.106429102040816
0.978723404255319	1	1	1	0.107526680851064
1	1	1	1	0.108406675675676
1	1	1	1	0.109533435897436
1	1	1	1	0.110518419354839
0.975	1	1	1	0.11155885
0.961538461538462	1	1	1	0.112466846153846
1	1	1	1	0.113464230769231
1	1	1	1	0.114464625
0.961538461538462	0.961538461538462	0.961538461538462	0.961538461538462	0.115405230769231
1	1	1	1	0.116513621621622
0.956521739130435	1	1	1	0.117538
1	1	1	1	0.118511875
1	1	1	1	0.119512037037037
1	1	1	1	0.120436475
1	1	1	1	0.121475923076923
1	1	1	1	0.122565794117647
1	1	1	1	0.123487911764706
1	1	1	1	0.124520742857143
1	1	1	1	0.125485925925926
1	1	1	1	0.126519315789474
1	1	1	1	0.127426619047619
1	1	1	1	0.128474269230769
1	1	1	1	0.129562692307692
0.962962962962963	1	1	1	0.130597851851852
0.956521739130435	1	1	1	0.13145752173913
1	1	1	1	0.13250176
1	1	1	1	0.133454818181818
1	1	1	1	0.134508730769231
1	1	1	1	0.135430272727273
1	1	1	1	0.136540178571429
1	1	1	1	0.137464458333333
1	1	1	1	0.1385729375
1	1	1	1	0.139446586206897
0.941176470588235	1	1	1	0.140456882352941
1	1	1	1	0.141381967741935
1	1	1	1	0.14245552173913
1	1	1	1	0.143318578947368
1	1	1	1	0.144579772727273
1	1	1	1	0.145567307692308
0.944444444444444	1	1	1	0.146558277777778
1	1	1	1	0.147400666666667
1	1	1	1	0.14844895
1	1	1	1	0.149420733333333
1	1	1	1	0.150545538461538
1	1	1	1	0.151458740740741
1	1	1	1	0.152535461538462
1	1	1	1	0.15352845
0.952380952380952	1	1	1	0.15447880952381
1	1	1	1	0.155406727272727
1	1	1	1	0.156420294117647
1	1	1	1	0.1573466
0.9375	0.9375	0.9375	0.9375	0.158557
1	1	1	1	0.159470666666667
1	1	1	1	0.16059965
1	1	1	1	0.161468533333333
1	1	1	1	0.162359222222222
1	1	1	1	0.1633912
1	1	1	1	0.164671615384615
1	1	1	1	0.1654726
1	1	1	1	0.1664471
0.923076923076923	1	1	1	0.167653923076923
1	1	1	1	0.1685926
1	1	1	1	0.169597588235294
1	1	1	1	0.170337722222222
1	1	1	1	0.171514764705882
1	1	1	1	0.172351857142857
1	1	1	1	0.173571444444444
1	1	1	1	0.174597473684211
1	1	1	1	0.1754015625
1	1	1	1	0.176551578947368
1	1	1	1	0.177589
1	1	1	1	0.178439214285714
1	1	1	1	0.17951565
0.944444444444444	0.944444444444444	1	1	0.180621388888889
1	1	1	1	0.1814838
1	1	1	1	0.182566727272727
1	1	1	1	0.1834865
0.875	1	1	1	0.184335
1	1	1	1	0.18539
1	1	1	1	0.1864859
1	1	1	1	0.187571444444444
1	1	1	1	0.188577888888889
0.933333333333333	1	1	0.933333333333333	0.189690666666667
1	1	1	1	0.190601833333333
1	1	1	1	0.191551
1	1	1	1	0.192428545454545
1	1	1	1	0.193473
1	1	1	1	0.194466571428571
1	1	1	1	0.195521263157895
1	1	1	1	0.196449
1	1	1	1	0.197538666666667
1	1	1	1	0.198558857142857
1	1	1	1	0.199515307692308
1	1	1	1	0.200570153846154
1	1	1	1	0.201507875
1	1	1	1	0.20257
0.875	0.875	0.875	1	0.203393
1	1	1	1	0.204481
1	1	1	1	0.205414083333333
1	1	1	1	0.206528428571429
1	1	1	1	0.2075098
1	1	1	1	0.208535230769231
1	1	1	1	0.209596363636364
1	1	1	1	0.2104982
1	1	1	1	0.211340625
1	1	1	1	0.212459105263158
1	1	1	1	0.213441142857143
1	1	1	1	0.214536846153846
1	1	1	1	0.215658
1	1	1	1	0.216624909090909
1	1	1	1	0.217527625
1	1	1	1	0.218398444444444
1	1	1	1	0.219474888888889
1	1	1	1	0.2203035
1	1	1	1	0.221604090909091
1	1	1	1	0.222622375
1	1	1	1	0.223607714285714
1	1	1	1	0.2245895
1	1	1	1	0.22539625
1	1	1	1	0.226357
1	1	1	1	0.227628333333333
1	1	1	1	0.228451666666667
1	1	1	1	0.229395818181818
1	1	1	1	0.2308306
1	1	1	1	0.231564444444444
1	1	1	1	0.2326265
1	1	1	1	0.23341075
1	1	1	1	0.2344174
1	1	1	1	0.235407222222222
1	1	1	1	0.236504888888889
1	1	1	1	0.237546125
1	1	1	1	0.2386265
1	1	1	1	0.239512666666667
1	1	1	1	0.240513166666667
1	1	1	1	0.241485
1	1	1	1	0.2425165
1	1	1	1	0.243619
1	1	1	1	0.244646375
1	1	1	1	0.245492
1	1	1	1	0.246398
1	1	1	1	0.247438333333333
0.875	1	1	1	0.2485075
1	1	1	1	0.2494856
1	1	1	1	0.250532166666667
1	1	1	1	0.251338
1	1	1	1	0.252779
1	1	1	1	0.2534735
1	1	1	1	0.254768666666667
1	1	1	1	0.2557125
1	1	1	1	0.256484
1	1	1	1	0.2573914
1	1	1	1	0.258611333333333
1	1	1	1	0.259499
1	1	1	1	0.2604465
1	1	1	1	0.261219
1	1	1	1	0.262590833333333
1	1	1	1	0.263277
1	1	1	1	0.264444333333333
1	1	1	1	0.2655415
1	1	1	1	0.2666556
1	1	1	1	0.267468571428571
1	1	1	1	0.2684298
1	1	1	1	0.269387333333333
1	1	1	1	0.270808
1	1	1	1	0.271615285714286
1	1	1	1	0.2721795
1	1	1	1	0.273775125
1	1	1	1	0.2744978
1	1	1	1	0.2753705
1	1	1	1	0.27635
1	1	1	1	0.27745775
1	1	1	1	0.2785098
1	1	1	1	0.279601285714286
1	1	1	1	0.2807328
1	1	1	1	0.281597
1	1	1	1	0.2822471
1	1	1	1	0.283351666666667
1	1	1	1	0.284593666666667
1	1	1	1	0.285457
1	1	1	1	0.2865378
1	1	1	1	0.2878245
1	1	1	1	0.288398
1	1	1	1	0.289424285714286
1	1	1	1	0.290243
1	1	1	1	0.291684
1	1	1	1	0.292713
1	1	1	1	0.293742142857143
1	0.5	1	1	0.2947715
1	1	1	1	0.295389
1	1	1	1	0.2962948
1	1	1	1	0.2974475
1	1	1	1	0.298477
1	1	1	1	0.299482285714286
1	1	1	1	0.300631333333333
1	1	1	1	0.30153
1	1	1	1	0.303279666666667
1	1	1	1	0.304377333333333
1	1	1	1	0.30568125
1	1	1	1	0.306710666666667
1	1	1	1	0.3078155
0.75	0.75	0.75	0.75	0.30861475
1	1	1	1	0.309592333333333
1	1	1	1	0.3104568
1	1	1	1	0.311239
1	1	1	1	0.312577
1	1	1	1	0.313435333333333
1	1	1	1	0.3147385
1	1	1	1	0.315424666666667
1	1	1	1	0.3165395
1	1	1	1	0.317339
1	1	1	1	0.318238
1	1	1	1	0.319061
1	1	1	1	0.320811
1	1	1	1	0.321737
1	1	1	1	0.322149
1	1	1	1	0.323796
1	1	1	1	0.324825
1	1	1	1	0.3253395
1	1	1	1	0.326334666666667
1	1	1	1	0.327522333333333
1	1	1	1	0.328324
1	1	1	1	0.3293535
1	1	1	1	0.3304515
1	1	1	1	0.3316855
1	1	1	1	0.332304
1	1	1	1	0.3335045
1	1	1	1	0.335529
1	1	1	1	0.336519142857143
1	1	1	1	0.337863666666667
1	1	1	1	0.338823
1	1	1	1	0.339028
1	1	1	1	0.340404
1	1	1	1	0.3414574
1	1	1	1	0.342425
1	1	1	1	0.343969
1	1	1	1	0.344723333333333
1	1	1	1	0.345615
1	1	1	1	0.3464832
1	1	1	1	0.347199
1	1	1	1	0.3487845
1	1	1	1	0.349389333333333
1	1	1	1	0.350144
1	1	1	1	0.351585
1	1	1	1	0.3523055
1	1	1	1	0.353712
1	1	1	1	0.354467
1	1	1	1	0.35529
1	1	1	1	0.356250666666667
1	1	1	1	0.357349
1	1	1	1	0.358584
1	1	1	1	0.35951
1	1	1	1	0.360025
1	1	1	1	0.361671
1	1	1	1	0.3628785
1	1	1	1	0.363711
1	1	1	1	0.364498
1	1	1	1	0.365583
1	1	1	1	0.3684645
1	1	1	1	0.369082
1	1	1	1	0.371552
1	1	1	1	0.372581
1	1	1	1	0.3735845
1	1	1	1	0.376904
1	1	1	1	0.377727
1	1	1	1	0.378139
1	1	1	1	0.379563333333333
1	1	1	1	0.380334666666667
1	1	1	1	0.382462
1	1	1	1	0.383285
1	1	1	1	0.3856525
1	1	1	1	0.386373
1	1	1	1	0.387608
1	1	1	1	0.388843
0	0	0	0	0.389049
1	1	1	1	0.391736
1	1	1	1	0.393306
1	1	1	1	0.395224
1	1	1	1	0.396459
1	1	1	1	0.397386
1	1	1	1	0.444620343283582
