Core_TOPMed	OmniExp_TOPMed	Omni25_TOPMed	MEGA_TOPMed	MAF
0.422850704655693	0.447886032922125	0.461559026849482	0.455142649810946	0.00020587609244548
0.513435405521736	0.558076615630572	0.578921478202054	0.570866383816024	0.000411750349996926
0.547249486418626	0.606710796621776	0.637183291485962	0.622346496233737	0.00061761677767633
0.566775805617784	0.632431500947786	0.659314147854558	0.646389798380148	0.000823502153713596
0.661025912215759	0.724748810153358	0.759783183500793	0.739291380222105	0.0011192617728715
0.722078879469222	0.782528566162919	0.813859196461482	0.806487283450055	0.00144114256911168
0.714285714285714	0.788662131519274	0.819954648526077	0.806802721088435	0.00164699999092971
0.727466666666667	0.802133333333333	0.831466666666667	0.821333333333333	0.00185284736533333
0.783448275862069	0.846896551724138	0.872183908045977	0.862528735632184	0.00242527052720307
0.837300613496933	0.887116564417178	0.906993865030675	0.899877300613497	0.00345966367852761
0.850488354620586	0.90007513148009	0.911344853493614	0.910217881292261	0.00450401305409467
0.866293848500254	0.911032028469751	0.925266903914591	0.922724961870869	0.00554265310625318
0.878196500672948	0.916554508748318	0.925302826379542	0.921938088829071	0.00655185889636608
0.906015037593985	0.928571428571429	0.941729323308271	0.93609022556391	0.00749018862781955
0.882703777335984	0.91948310139165	0.934393638170974	0.934393638170974	0.00842240530815109
0.896781354051054	0.933407325194229	0.936736958934517	0.936736958934517	0.00945238471698113
0.867684478371501	0.908396946564885	0.916030534351145	0.918575063613232	0.0104633381679389
0.916118421052632	0.942434210526316	0.953947368421053	0.952302631578947	0.0115135039473684
0.89873417721519	0.929475587703436	0.933092224231465	0.934900542495479	0.0125442086799277
0.884696016771488	0.926624737945493	0.935010482180293	0.932914046121593	0.0135787587002096
0.910863509749304	0.933147632311978	0.94150417827298	0.938718662952646	0.0144906768802228
0.904477611940299	0.916417910447761	0.925373134328358	0.928358208955224	0.0154546907462687
0.931750741839763	0.949554896142433	0.955489614243323	0.955489614243323	0.0164483370919881
0.882716049382716	0.919753086419753	0.932098765432099	0.929012345679012	0.0174766759259259
0.916981132075472	0.954716981132075	0.962264150943396	0.962264150943396	0.018480258490566
0.925311203319502	0.954356846473029	0.95850622406639	0.954356846473029	0.0195394020746888
0.906103286384977	0.948356807511737	0.957746478873239	0.948356807511737	0.0205345840375587
0.862857142857143	0.897142857142857	0.925714285714286	0.92	0.0214982508571429
0.922680412371134	0.943298969072165	0.948453608247423	0.943298969072165	0.0223868422680412
0.923566878980892	0.949044585987261	0.961783439490446	0.961783439490446	0.0234446
0.93125	0.95625	0.95625	0.95625	0.024464023125
0.904761904761905	0.931972789115646	0.945578231292517	0.938775510204082	0.0255350421768707
0.942622950819672	0.950819672131147	0.959016393442623	0.942622950819672	0.0265385016393443
0.920353982300885	0.920353982300885	0.920353982300885	0.920353982300885	0.0275429734513274
0.914634146341463	0.939024390243902	0.951219512195122	0.951219512195122	0.0284638304878049
0.892156862745098	0.901960784313726	0.931372549019608	0.911764705882353	0.0294325215686275
0.955882352941177	0.985294117647059	0.985294117647059	0.985294117647059	0.0304778058823529
0.860759493670886	0.886075949367089	0.911392405063291	0.89873417721519	0.0314227746835443
0.918918918918919	0.972972972972973	0.972972972972973	0.972972972972973	0.0325433635135135
0.918032786885246	0.967213114754098	0.983606557377049	0.983606557377049	0.0335610098360656
0.830188679245283	0.905660377358491	0.905660377358491	0.924528301886792	0.0345742150943396
0.905660377358491	0.924528301886792	0.943396226415094	0.943396226415094	0.0355122716981132
0.984848484848485	1	1	1	0.0364807393939394
0.902439024390244	0.926829268292683	0.926829268292683	0.926829268292683	0.0374904780487805
0.939393939393939	0.954545454545455	0.96969696969697	0.96969696969697	0.0385155409090909
0.928571428571429	0.964285714285714	0.964285714285714	0.964285714285714	0.0395012410714286
0.94	0.98	0.98	0.98	0.040538544
0.975	0.975	0.975	0.975	0.0415646375
0.939393939393939	0.939393939393939	0.939393939393939	0.96969696969697	0.0425530515151515
0.941176470588235	0.941176470588235	0.941176470588235	0.941176470588235	0.0434022235294118
0.976190476190476	0.976190476190476	0.976190476190476	0.976190476190476	0.0444358642857143
0.944444444444444	0.972222222222222	0.972222222222222	0.972222222222222	0.0456027138888889
1	1	1	1	0.0465208423076923
0.96551724137931	0.96551724137931	0.96551724137931	0.96551724137931	0.0475125620689655
0.843137254901961	0.862745098039216	0.882352941176471	0.862745098039216	0.0486145960784314
0.928571428571429	0.964285714285714	0.964285714285714	0.964285714285714	0.0494690928571429
0.869565217391304	0.869565217391304	0.869565217391304	0.869565217391304	0.0504242304347826
0.866666666666667	0.866666666666667	0.866666666666667	0.866666666666667	0.0514209266666667
0.769230769230769	0.769230769230769	0.769230769230769	0.769230769230769	0.0525249846153846
1	1	1	1	0.0534520379310345
0.941176470588235	0.941176470588235	0.941176470588235	0.941176470588235	0.0545450647058823
1	1	1	1	0.0556403176470588
0.764705882352941	0.823529411764706	0.823529411764706	0.823529411764706	0.0564422352941176
0.863636363636364	0.909090909090909	0.909090909090909	0.909090909090909	0.0574238181818182
1	1	1	1	0.0584755185185185
1	1	1	1	0.0596101
0.9375	1	1	1	0.060531575
1	1	1	1	0.0615265055555556
1	1	1	1	0.0626327
1	1	1	1	0.063473525
1	1	1	1	0.0644301764705882
0.928571428571429	1	1	1	0.0655255142857143
0.875	1	1	1	0.0663441375
1	1	1	1	0.067588325
0.916666666666667	0.916666666666667	0.916666666666667	0.916666666666667	0.0685295583333333
1	1	1	1	0.069498775
1	1	1	1	0.0704908111111111
0.875	0.875	0.875	0.875	0.071557225
1	1	1	1	0.07250496
0.714285714285714	0.857142857142857	0.857142857142857	0.857142857142857	0.0734065428571429
0.777777777777778	0.777777777777778	0.777777777777778	0.777777777777778	0.0744476666666667
1	1	1	1	0.07551975
0.928571428571429	0.928571428571429	0.928571428571429	0.928571428571429	0.0766877857142857
0.923076923076923	1	1	1	0.0774494538461538
0.875	1	1	1	0.078512575
1	1	1	1	0.0794414083333333
0.818181818181818	0.818181818181818	0.818181818181818	0.818181818181818	0.0804513727272727
1	1	1	1	0.0815398545454546
1	1	1	1	0.0824527666666667
0.875	0.875	0.875	0.875	0.0835777875
1	1	1	1	0.0845026
0.857142857142857	0.857142857142857	0.857142857142857	0.857142857142857	0.0854555
1	1	1	1	0.0864855
0.8	0.8	0.8	0.8	0.08744338
0.833333333333333	0.833333333333333	0.833333333333333	0.833333333333333	0.0886006
0.7	0.7	0.7	0.7	0.08961507
1	1	1	1	0.0906611166666667
0.9	0.9	0.9	0.9	0.09162041
1	1	1	1	0.0924681666666667
0.777777777777778	0.777777777777778	0.777777777777778	0.777777777777778	0.0934669555555556
0.8	0.8	0.8	0.8	0.09444216
1	1	1	1	0.09538906
0.75	0.75	0.75	0.75	0.096233
1	1	1	1	0.097571025
1	1	1	1	0.0986688333333333
1	1	1	1	0.0997324
1	1	1	1	0.100556
1	1	1	1	0.1013834
0.9	0.9	0.9	0.9	0.10247
1	1	1	1	0.103540333333333
0.818181818181818	0.818181818181818	0.818181818181818	0.818181818181818	0.104569818181818
0.75	0.75	0.75	0.75	0.105561125
0.5	0.5	0.5	0.5	0.106474
1	1	1	1	0.107429
0.833333333333333	0.833333333333333	0.833333333333333	0.833333333333333	0.108446666666667
1	1	1	1	0.109372666666667
1	1	1	1	0.110951
0.6	0.6	0.6	0.6	0.1117834
1	1	1	1	0.112666666666667
1	1	1	1	0.113283666666667
0.6	0.6	0.6	0.6	0.1146244
0.6	0.6	0.6	0.6	0.1155714
1	1	1	1	0.1164575
1	1	1	1	0.117555636363636
1	1	1	1	0.1184436
1	1	1	1	0.119536333333333
0.8	0.8	0.8	0.8	0.1203376
0.857142857142857	0.857142857142857	0.857142857142857	0.857142857142857	0.121338428571429
1	1	1	1	0.1223652
0.75	0.75	0.75	0.75	0.123405
1	1	1	1	0.12470425
1	1	1	1	0.125592
1	1	1	1	0.1265552
1	1	1	1	0.1274926
1	1	1	1	0.128242
0.857142857142857	0.857142857142857	0.857142857142857	0.857142857142857	0.129484571428571
0.75	0.75	0.75	0.75	0.1304035
1	1	1	1	0.131485
0.666666666666667	1	1	1	0.132496333333333
1	1	1	1	0.133673
1	1	1	1	0.134691666666667
1	1	1	1	0.135372
1	1	1	1	0.1365922
1	1	1	1	0.13727575
1	1	1	1	0.138877333333333
1	1	1	1	0.1394446
1	1	1	1	0.1414278
1	1	1	1	0.142651
1	1	1	1	0.143337666666667
1	1	1	1	0.144401
1	1	1	1	0.14546
0.833333333333333	0.833333333333333	0.833333333333333	0.833333333333333	0.146675333333333
0.666666666666667	0.666666666666667	0.666666666666667	0.666666666666667	0.147369333333333
1	1	1	1	0.148106
1	1	1	1	0.14935675
1	1	1	1	0.150422
1	1	1	1	0.151297
0.909090909090909	0.909090909090909	0.909090909090909	0.909090909090909	0.152550727272727
1	1	1	1	0.15367975
1	1	1	1	0.15463825
1	1	1	1	0.155568
1	1	1	1	0.1563322
1	1	1	1	0.157198
1	1	1	1	0.1585015
0.5	0.5	0.5	0.5	0.159942
1	1	1	1	0.160869
1	1	1	1	0.161486
0.833333333333333	0.833333333333333	0.833333333333333	0.833333333333333	0.1622975
1	1	1	1	0.163545
1	1	1	1	0.164333666666667
1	1	1	1	0.165774
1	1	1	1	0.166494833333333
1	1	1	1	0.16755875
0.8	0.8	0.8	0.8	0.168588
1	1	1	1	0.169617
1	1	1	1	0.170852
1	1	1	1	0.17150675
0.5	0.5	0.5	0.5	0.1725345
1	1	1	1	0.1733585
1	1	1	1	0.17641
1	1	1	1	0.177782333333333
1	1	1	1	0.1785715
1	1	1	1	0.179704
1	1	1	1	0.180527
1	1	1	1	0.181556
1	1	1	1	0.182404666666667
0.5	0.5	0.5	0.5	0.18356
1	1	1	1	0.184644
0.5	0.5	0.5	0.5	0.1851965
1	1	1	1	0.1863935
1	1	1	1	0.187114
1	1	1	1	0.188555
1	1	1	1	0.189687
1	1	1	1	0.190819
1	1	1	1	0.1915606
1	1	1	1	0.193289
1	1	1	1	0.194524
1	1	1	1	0.19560525
1	1	1	1	0.196789
1	1	1	1	0.1972
0.5	0.5	0.5	0.5	0.1986415
1	1	1	1	0.199876
1	1	1	1	0.2002675
1	1	1	1	0.201689
1	1	1	1	0.206669
0	0	0	0	0.207699
1	1	1	1	0.208384666666667
0.666666666666667	0.666666666666667	0.666666666666667	0.666666666666667	0.209414
0	0	0	0	0.212433
0.5	0.5	0.5	0.5	0.213609
1	1	1	1	0.214903
1	1	1	1	0.215727
1	1	1	1	0.2164915
1	1	1	1	0.2175795
1	1	1	1	0.22149
1	1	1	1	0.222828
0.666666666666667	0.666666666666667	0.666666666666667	0.666666666666667	0.224715333333333
1	1	1	1	0.225607
1	1	1	1	0.226842
1	1	1	1	0.228901
1	1	1	1	0.2324
1	1	1	1	0.233635
1	1	1	1	0.2344585
1	1	1	1	0.235379
1	1	1	1	0.237958
1	1	1	1	0.2385755
1	1	1	1	0.239399
1	1	1	1	0.242898
1	1	1	1	0.243516
1	1	1	1	0.2444925
0.5	0.5	0.5	0.5	0.2453685
1	1	1	1	0.247221
1	1	1	1	0.249897
1	1	1	1	0.250309
1	1	1	1	0.251647
0.5	0.5	0.5	0.5	0.252676
1	1	1	1	0.253705
1	1	1	1	0.254426
1	1	1	1	0.257719
1	1	1	1	0.258131
1	1	1	1	0.259469
1	1	1	1	0.260668
1	1	1	1	0.261509
1	1	1	1	0.262454
1	1	1	1	0.26679
0.5	0.5	0.5	0.5	0.267747
1	1	1	1	0.268835
1	1	1	1	0.271373666666667
0.5	0.5	0.5	0.5	0.272746
0.8	0.8	0.8	0.8	0.273633
1	1	1	1	0.275216
1	1	1	1	0.276245
1	1	1	1	0.277892
1	1	1	1	0.27851
1	1	1	1	0.279951
1	1	1	1	0.281803
1	1	1	1	0.282832
1	1	1	1	0.2842735
1	1	1	1	0.285097
0	0	0	0	0.288596
1	1	1	1	0.2893165
1	1	1	1	0.290449
1	1	1	1	0.292096
1	1	1	1	0.2934335
1	1	1	1	0.294566
1	1	1	1	0.298168
1	1	1	1	0.299478333333333
1	1	1	1	0.300947
1	1	1	1	0.302388
0	0	0	0	0.307534
1	1	1	1	0.308563
1	1	1	1	0.309592
1	1	1	1	0.311445
1	1	1	1	0.313401
1	1	1	1	0.3143535
1	1	1	1	0.315974
1	1	1	1	0.316488
0	1	1	1	0.318444
1	1	1	1	0.319539
1	1	1	1	0.320502
1	1	1	1	0.325031
0	0	0	0	0.326266
1	1	1	1	0.327295
1	1	1	1	0.329370333333333
1	1	1	1	0.330313
1	1	1	1	0.3324415
1	1	1	1	0.335426
1	1	1	1	0.336352
0	0	0	0	0.338411
1	1	1	1	0.339337
1	1	1	1	0.342734
1	1	1	1	0.344792
1	1	1	1	0.347674
1	1	1	1	0.349115
1	1	1	1	0.35035
1	1	1	1	0.35173
1	1	1	1	0.35282
1	1	1	1	0.353300666666667
1	1	1	1	0.355702
0	0	0	0	0.356525
1	1	1	1	0.358172
1	1	1	1	0.359687
1	1	1	1	0.360025
1	1	1	1	0.362907
1	1	1	1	0.36548
1	1	1	1	0.367847
1	1	1	1	0.3695965
1	1	1	1	0.370347
1	1	1	1	0.371964
0	0	0	0	0.375051
1	1	1	1	0.377265
1	1	1	1	0.380403
1	1	1	1	0.383079
1	1	1	1	0.384932
1	1	1	1	0.385708
1	1	1	1	0.387608
1	1	1	1	0.39049
1	1	1	1	0.396048
1	1	1	1	0.399959
0.948717948717949	0.948717948717949	0.948717948717949	0.948717948717949	0.451514871794872
