Core_TOPMed	OmniExp_TOPMed	Omni25_TOPMed	MEGA_TOPMed	MAF
0.422553501623269	0.441250911018353	0.450553236599748	0.445809315576757	0.000206067533174319
0.450436931768029	0.498367022685144	0.521228705093124	0.508164886574278	0.000412096446641363
0.447111648389604	0.516622053363267	0.549693463431483	0.529660651066402	0.000618116365080736
0.451682953311618	0.535966340933768	0.578583061889251	0.552524429967427	0.000824115208469055
0.534423035289024	0.638991123619831	0.687702966009959	0.657068629573501	0.00111834175362633
0.581535532994924	0.700190355329949	0.738895939086294	0.71256345177665	0.00144119490482233
0.603039288361749	0.716085989621942	0.768346923647146	0.736471460340993	0.00164822942550037
0.583552055993001	0.716972878390201	0.767279090113736	0.749781277340333	0.00185428720472441
0.65330002629503	0.773073889034972	0.820930844070471	0.791480410202472	0.0024236532566395
0.717154454176458	0.832300790429395	0.866695150608844	0.851741080965606	0.00347787775475326
0.744831659775546	0.8502658003544	0.875664500886001	0.865032486709982	0.00451699618428825
0.772819472616633	0.881541582150101	0.902231237322515	0.894523326572008	0.00553506791075051
0.817191977077364	0.894555873925501	0.915186246418338	0.907163323782235	0.00650385798280802
0.806471686372122	0.901057871810828	0.917859365276913	0.913503422526447	0.00740853273802116
0.790729379686435	0.89093387866394	0.903203817314247	0.899113837764145	0.0084362766530334
0.83112582781457	0.908112582781457	0.920529801324503	0.915562913907285	0.00945999267384106
0.845853658536585	0.918048780487805	0.933658536585366	0.931707317073171	0.0104827884878049
0.85031185031185	0.915800415800416	0.923076923076923	0.923076923076923	0.0115369331600832
0.838252656434475	0.917355371900826	0.92443919716647	0.922077922077922	0.0125591792207792
0.871335504885994	0.916938110749186	0.925081433224756	0.928338762214984	0.0135088397394137
0.85179407176287	0.914196567862715	0.921996879875195	0.920436817472699	0.0144380081123245
0.869774919614148	0.918006430868167	0.929260450160772	0.929260450160772	0.0154177360128617
0.875647668393782	0.929188255613126	0.934369602763385	0.934369602763385	0.016459206044905
0.877697841726619	0.931654676258993	0.942446043165468	0.940647482014389	0.017505009352518
0.911949685534591	0.937106918238994	0.939203354297694	0.937106918238994	0.0185471234800839
0.913832199546485	0.963718820861678	0.965986394557823	0.965986394557823	0.01956010861678
0.854054054054054	0.921621621621622	0.92972972972973	0.92972972972973	0.0205012451351351
0.877551020408163	0.920918367346939	0.926020408163265	0.926020408163265	0.0214295400510204
0.898591549295775	0.926760563380282	0.935211267605634	0.932394366197183	0.0224437104225352
0.88955223880597	0.925373134328358	0.928358208955224	0.928358208955224	0.0234739080597015
0.884868421052632	0.9375	0.9375	0.9375	0.0244991799342105
0.872852233676976	0.893470790378007	0.900343642611684	0.900343642611684	0.025526276975945
0.87220447284345	0.942492012779553	0.942492012779553	0.942492012779553	0.0265663271565495
0.908713692946058	0.950207468879668	0.954356846473029	0.954356846473029	0.0275029991701245
0.856031128404669	0.90272373540856	0.914396887159533	0.910505836575875	0.0284495817120623
0.895397489539749	0.916317991631799	0.916317991631799	0.916317991631799	0.0294460615062762
0.889733840304182	0.927756653992395	0.931558935361217	0.931558935361217	0.0305004
0.891213389121339	0.933054393305439	0.941422594142259	0.937238493723849	0.0315183489539749
0.891089108910891	0.945544554455445	0.95049504950495	0.95049504950495	0.0325018153465347
0.909574468085106	0.936170212765957	0.946808510638298	0.946808510638298	0.0335471409574468
0.908108108108108	0.935135135135135	0.935135135135135	0.945945945945946	0.0345135416216216
0.894409937888199	0.962732919254658	0.962732919254658	0.962732919254658	0.0354451608695652
0.901734104046243	0.936416184971098	0.936416184971098	0.942196531791908	0.0364343820809249
0.932515337423313	0.975460122699387	0.975460122699387	0.975460122699387	0.0374907355828221
0.870646766169154	0.90547263681592	0.925373134328358	0.920398009950249	0.0385065368159204
0.890322580645161	0.909677419354839	0.916129032258065	0.92258064516129	0.0395573464516129
0.870229007633588	0.938931297709924	0.938931297709924	0.938931297709924	0.0405178816793893
0.877862595419847	0.923664122137405	0.931297709923664	0.938931297709924	0.0415266946564885
0.897435897435897	0.948717948717949	0.948717948717949	0.948717948717949	0.0424196948717949
0.878787878787879	0.931818181818182	0.931818181818182	0.931818181818182	0.0435102659090909
0.939655172413793	0.974137931034483	0.991379310344828	0.991379310344828	0.0444790155172414
0.923664122137405	0.954198473282443	0.954198473282443	0.954198473282443	0.0455031427480916
0.903508771929825	0.929824561403509	0.929824561403509	0.929824561403509	0.0465112035087719
0.924528301886792	0.952830188679245	0.962264150943396	0.962264150943396	0.0475187896226415
0.896907216494845	0.948453608247423	0.948453608247423	0.948453608247423	0.0484689969072165
0.850467289719626	0.906542056074766	0.906542056074766	0.906542056074766	0.0494906831775701
0.95	0.9625	0.975	0.975	0.05052560875
0.933333333333333	0.955555555555556	0.955555555555556	0.955555555555556	0.0514486166666667
0.877777777777778	0.933333333333333	0.933333333333333	0.933333333333333	0.0525454777777778
0.860215053763441	0.913978494623656	0.913978494623656	0.913978494623656	0.0534723741935484
0.903225806451613	0.919354838709677	0.919354838709677	0.919354838709677	0.0545435419354839
0.9	0.928571428571429	0.928571428571429	0.928571428571429	0.0555006085714286
0.878378378378378	0.918918918918919	0.918918918918919	0.918918918918919	0.0564685175675676
0.922077922077922	0.948051948051948	0.948051948051948	0.948051948051948	0.0574205116883117
0.893939393939394	0.954545454545455	0.954545454545455	0.954545454545455	0.0584522924242424
0.894117647058824	0.964705882352941	0.964705882352941	0.964705882352941	0.0595297505882353
0.876923076923077	0.907692307692308	0.907692307692308	0.907692307692308	0.0606002184615385
0.929577464788732	0.971830985915493	0.971830985915493	0.971830985915493	0.061520061971831
0.903846153846154	0.942307692307692	0.961538461538462	0.961538461538462	0.0624618
0.914285714285714	0.928571428571429	0.942857142857143	0.928571428571429	0.0634737771428571
0.956521739130435	0.956521739130435	0.956521739130435	0.956521739130435	0.0644650565217391
0.915254237288136	0.949152542372881	0.949152542372881	0.949152542372881	0.0655123576271186
0.897959183673469	0.918367346938776	0.918367346938776	0.918367346938776	0.0665242795918367
0.880597014925373	0.925373134328358	0.955223880597015	0.955223880597015	0.0674780507462687
0.945945945945946	0.972972972972973	0.972972972972973	0.972972972972973	0.0685471783783784
0.943396226415094	0.943396226415094	0.943396226415094	0.962264150943396	0.0695363094339623
0.91304347826087	0.934782608695652	0.934782608695652	0.934782608695652	0.0705071630434783
0.949152542372881	0.983050847457627	1	1	0.0713921711864407
0.95	0.966666666666667	0.983333333333333	0.983333333333333	0.072490355
0.923076923076923	0.980769230769231	0.980769230769231	0.980769230769231	0.0735305211538462
0.91304347826087	0.91304347826087	0.91304347826087	0.91304347826087	0.0745271413043478
0.871794871794872	0.948717948717949	0.948717948717949	0.948717948717949	0.0755470102564103
0.883720930232558	0.930232558139535	0.930232558139535	0.930232558139535	0.0764443139534884
0.894736842105263	0.921052631578947	0.921052631578947	0.921052631578947	0.0774653315789474
1	1	1	1	0.0783996
0.979166666666667	0.979166666666667	0.979166666666667	0.979166666666667	0.0795238729166667
0.964285714285714	0.964285714285714	0.964285714285714	1	0.0806245928571429
0.90625	0.96875	0.96875	0.96875	0.081557175
0.918918918918919	0.945945945945946	0.945945945945946	0.945945945945946	0.0824657054054054
0.896551724137931	1	1	1	0.083484824137931
1	1	1	1	0.084562665
0.96875	0.96875	0.96875	0.96875	0.085531665625
0.933333333333333	0.966666666666667	0.966666666666667	0.966666666666667	0.0864894133333333
0.9375	0.96875	0.96875	0.96875	0.08746763125
0.971428571428571	1	1	1	0.0885171114285714
0.964285714285714	0.964285714285714	0.964285714285714	0.964285714285714	0.0894470607142857
0.962962962962963	1	1	1	0.0904776037037037
0.958333333333333	0.958333333333333	0.958333333333333	0.958333333333333	0.0915147
0.8	0.88	0.88	0.88	0.092488844
0.962962962962963	0.962962962962963	1	1	0.0934280296296296
0.92	0.96	0.96	0.96	0.094483276
0.904761904761905	0.952380952380952	0.952380952380952	0.952380952380952	0.095530519047619
0.896551724137931	1	1	1	0.0965578172413793
0.96	0.96	0.96	0.96	0.097507304
0.941176470588235	0.941176470588235	0.941176470588235	0.941176470588235	0.0983691882352941
0.904761904761905	0.904761904761905	0.904761904761905	0.904761904761905	0.099464519047619
0.894736842105263	0.947368421052632	0.947368421052632	0.947368421052632	0.100464631578947
0.952380952380952	0.952380952380952	0.952380952380952	0.952380952380952	0.101489142857143
0.875	0.875	0.875	0.875	0.1027321875
0.823529411764706	0.941176470588235	1	1	0.10349
0.941176470588235	1	1	1	0.104572705882353
0.888888888888889	0.888888888888889	0.944444444444444	0.944444444444444	0.105358277777778
0.875	1	1	1	0.1065993125
0.91304347826087	0.956521739130435	0.956521739130435	0.956521739130435	0.107404434782609
0.933333333333333	0.933333333333333	0.933333333333333	0.933333333333333	0.108492066666667
1	1	1	1	0.109468777777778
0.80952380952381	0.904761904761905	0.904761904761905	0.904761904761905	0.110501761904762
0.888888888888889	0.888888888888889	0.888888888888889	0.888888888888889	0.111446666666667
0.785714285714286	0.928571428571429	0.928571428571429	0.928571428571429	0.112536857142857
0.909090909090909	0.909090909090909	0.909090909090909	0.909090909090909	0.113568363636364
1	1	1	1	0.114595083333333
0.846153846153846	0.846153846153846	0.846153846153846	0.846153846153846	0.115519923076923
0.818181818181818	0.818181818181818	0.818181818181818	0.818181818181818	0.116633181818182
0.866666666666667	0.866666666666667	0.866666666666667	0.866666666666667	0.117529133333333
0.8	0.8	0.8	0.8	0.1185874
0.9	0.95	0.95	0.95	0.1194902
1	1	1	1	0.120434214285714
0.923076923076923	1	1	1	0.121660846153846
1	1	1	1	0.122457842105263
0.846153846153846	1	1	1	0.123656538461538
0.75	0.833333333333333	0.833333333333333	0.833333333333333	0.12454925
0.875	1	1	1	0.125309
1	1	1	1	0.126461625
1	1	1	1	0.1273476
1	1	1	1	0.128472083333333
1	1	1	1	0.1295824
0.857142857142857	0.928571428571429	0.928571428571429	0.928571428571429	0.130481428571429
0.9	0.9	0.9	0.9	0.1315563
0.7	0.9	0.9	0.9	0.132462
0.857142857142857	0.857142857142857	0.857142857142857	0.857142857142857	0.133527428571429
0.8	0.8	1	1	0.1343742
1	1	1	1	0.13558175
1	1	1	1	0.136640733333333
0.818181818181818	0.818181818181818	0.909090909090909	0.909090909090909	0.137456363636364
1	1	1	1	0.138472875
0.888888888888889	0.888888888888889	0.888888888888889	0.888888888888889	0.139440777777778
0.8	0.8	0.8	0.8	0.1405208
1	1	1	1	0.1416558
1	1	1	1	0.1426628
1	1	1	1	0.143568166666667
0.857142857142857	0.928571428571429	1	1	0.144517214285714
0.888888888888889	0.888888888888889	0.888888888888889	0.888888888888889	0.145339333333333
1	1	1	1	0.1465404
1	1	1	1	0.147567818181818
0.833333333333333	0.833333333333333	0.833333333333333	0.833333333333333	0.1484825
1	1	1	1	0.149384375
0.888888888888889	0.888888888888889	0.888888888888889	0.888888888888889	0.150572111111111
1	1	1	1	0.1514935
0.9	0.9	0.9	0.9	0.1525691
0.909090909090909	1	1	1	0.153334818181818
0.666666666666667	1	1	1	0.154355666666667
0.833333333333333	1	1	1	0.155293333333333
1	1	1	1	0.15642075
1	1	1	1	0.157435333333333
1	1	1	1	0.158425
1	1	1	1	0.159490333333333
1	1	1	1	0.1604448
1	1	1	1	0.161591666666667
1	1	1	1	0.162486166666667
1	1	1	1	0.163303
0.666666666666667	0.833333333333333	0.833333333333333	0.833333333333333	0.164423333333333
1	1	1	1	0.165304166666667
1	1	1	1	0.166461
0.666666666666667	0.666666666666667	0.666666666666667	0.666666666666667	0.167695666666667
1	1	1	1	0.168429166666667
1	1	1	1	0.169722
1	1	1	1	0.1704075
1	1	1	1	0.1714755
1	1	1	1	0.172518166666667
1	1	1	1	0.173734
0.75	0.75	0.75	0.75	0.17440775
1	1	1	1	0.17535
1	1	1	1	0.1765915
1	1	1	1	0.1776985
1	1	1	1	0.178292
0.714285714285714	0.857142857142857	1	1	0.179660142857143
1	1	1	1	0.1803014
1	1	1	1	0.181381166666667
1	1	1	1	0.1823145
1	1	1	1	0.1835705
0.875	0.875	0.875	0.875	0.18465775
1	1	1	1	0.185542
1	1	1	1	0.1867145
1	1	1	1	0.187586
1	1	1	1	0.188556333333333
0.666666666666667	0.666666666666667	0.666666666666667	0.666666666666667	0.189576666666667
1	1	1	1	0.1903705
1	1	1	1	0.191457142857143
0.6	0.6	0.6	0.6	0.1924122
1	1	1	1	0.193251428571429
1	1	1	1	0.194425666666667
1	1	1	1	0.19545725
0.6	0.6	0.6	0.6	0.1965464
1	1	1	1	0.1973835
0.75	0.75	0.75	0.75	0.19856825
1	1	1	1	0.1993
0.5	0.5	0.5	0.5	0.2005145
1	1	1	1	0.20188425
1	1	1	1	0.2028225
1	1	1	1	0.203048
1	1	1	1	0.204986
0.666666666666667	0.666666666666667	0.666666666666667	0.666666666666667	0.205313333333333
1	1	1	1	0.20753925
1	1	1	1	0.208196
1	1	1	1	0.209398
0.8	0.8	0.8	0.8	0.2107494
1	1	1	1	0.211478
1	1	1	1	0.212275
1	1	1	1	0.214452666666667
1	1	1	1	0.215776
1	1	1	1	0.216169
1	1	1	1	0.217508
0.666666666666667	0.666666666666667	0.666666666666667	0.666666666666667	0.218454333333333
0.8	0.8	0.8	0.8	0.219407
1	1	1	1	0.220742
1	1	1	1	0.22154075
1	1	1	1	0.223413
0.5	1	1	1	0.2244075
1	1	1	1	0.2256235
0.75	1	1	1	0.22661725
1	1	1	1	0.228265
1	1	1	1	0.229575666666667
1	1	1	1	0.2312525
1	1	1	1	0.2324745
1	1	1	1	0.233453
1	1	1	1	0.23466
1	1	1	1	0.235380333333333
1	1	1	1	0.236815
1	1	1	1	0.237958
1	1	1	1	0.238316
1	1	1	1	0.23974
1	1	1	1	0.2414005
1	1	1	1	0.242733
0.75	0.75	0.75	0.75	0.2445855
1	1	1	1	0.245778
1	1	1	1	0.246398
1	1	1	1	0.247219
1	1	1	1	0.2485575
1	1	1	1	0.250823
1	1	1	1	0.25103
1	1	1	1	0.253814
1	1	1	1	0.254837
1	1	1	1	0.255771
1	1	1	1	0.256896
0.666666666666667	0.666666666666667	0.666666666666667	0.666666666666667	0.257172666666667
1	1	1	1	0.258417
1	1	1	1	0.259374
0.666666666666667	1	1	1	0.261398
1	1	1	1	0.262974
1	1	1	1	0.263288
0.5	0.5	0.5	0.5	0.264936
1	1	1	1	0.265397
1	1	1	1	0.266159
1	1	1	1	0.2675115
1	1	1	1	0.2681845
1	1	1	1	0.269769
1	1	1	1	0.270546
1	1	1	1	0.271676
1	1	1	1	0.273336
1	1	1	1	0.274506
1	1	1	1	0.275165
0.6	0.6	0.6	0.6	0.2764618
1	1	1	1	0.277503
1	1	1	1	0.2786475
1	1	1	1	0.281301
1	1	1	1	0.283436333333333
1	1	1	1	0.284405
1	1	1	1	0.285469
1	1	1	1	0.28630325
1	1	1	1	0.287186
1	1	1	1	0.2902165
1	1	1	1	0.29134
1	1	1	1	0.294032
1	1	1	1	0.296985
1	1	1	1	0.298557
1	1	1	1	0.300412
1	1	1	1	0.301648
0	0	0	0	0.302474
1	1	1	1	0.303012
1	1	1	1	0.305544
1	1	1	1	0.307597
1	1	1	1	0.308533
1	1	1	1	0.3105405
1	1	1	1	0.311033
1	1	1	1	0.315692
1	1	1	1	0.316543
1	1	1	1	0.319868
0	1	1	1	0.320412
1	1	1	1	0.322355
1	1	1	1	0.324959
1	1	1	1	0.330037
1	1	1	1	0.331616
1	1	1	1	0.332097
1	1	1	1	0.334272
1	1	1	1	0.335812
1	1	1	1	0.336697
1	1	1	1	0.3374565
1	1	1	1	0.338962
0.5	0.5	0.5	0.5	0.340231
1	1	1	1	0.341594
1	1	1	1	0.342286
1	1	1	1	0.344175
1	1	1	1	0.3453535
1	1	1	1	0.346518
1	1	1	1	0.347454
1	1	1	1	0.3492375
0.75	0.75	0.75	0.75	0.351293
1	1	1	1	0.3527105
1	1	1	1	0.355377
1	1	1	1	0.35832
1	1	1	1	0.362907
1	1	1	1	0.363149
1	1	1	1	0.36549
1	1	1	1	0.366818
1	1	1	1	0.369494
1	1	1	1	0.370228
0	1	1	1	0.372941
1	1	1	1	0.374742
1	1	1	1	0.378963
1	1	1	1	0.380717
1	1	1	1	0.382262
1	1	1	1	0.383237
1	1	1	1	0.384282
1	1	1	1	0.38582
1	1	1	1	0.386785
1	1	1	1	0.387536
1	1	1	1	0.389576
1	1	1	1	0.393446
0	0	0	0	0.394433
1	1	1	1	0.396768
1	1	1	1	0.39798
1	1	1	1	0.3991555
0.942857142857143	0.957142857142857	0.957142857142857	0.957142857142857	0.439074742857143
