Core_TOPMed	OmniExp_TOPMed	Omni25_TOPMed	MEGA_TOPMed	MAF
0.455244195356285	0.476757254860492	0.486735048416091	0.482588334818798	0.000206068049068689
0.582491018285163	0.647454287093142	0.681035176148855	0.663380073998606	0.000412131291342699
0.596572827417381	0.694031247750018	0.743610051119591	0.719749442004464	0.000618199233263734
0.605503100990466	0.722715912246598	0.782051282051282	0.750300842358604	0.000824272764579283
0.682356204919549	0.807675235805437	0.865230257074163	0.83756241908637	0.00111812401960422
0.713719060715041	0.841442775544743	0.893431351808758	0.869949227840068	0.00144120180505606
0.71957911045123	0.853269640436382	0.908075656833	0.884513588535279	0.00164839790265315
0.727733804656882	0.863444248059633	0.910858372396834	0.88880350418812	0.00185455300852993
0.769918663634773	0.899488368025188	0.940790624453385	0.923255203778205	0.00242834254591569
0.80338767283143	0.929983379893207	0.961207963506489	0.950634746631776	0.00347065939531101
0.839347036281292	0.947991837953516	0.973722191808092	0.967202508336237	0.00450864331160106
0.855141422151731	0.958432461009781	0.981430081945546	0.973499867829765	0.00554529349325932
0.868178798519503	0.967542943911929	0.984151086647053	0.981683591154978	0.00650291683401348
0.879358912093249	0.967265662943176	0.983778533268577	0.979601748421564	0.00742081330840214
0.891082519964507	0.972826086956522	0.988132209405501	0.9849157054126	0.00843762895519077
0.894033837934105	0.978119832082432	0.988423864648264	0.986770131026587	0.00946167983081033
0.903749630941836	0.977266017124299	0.989518748154709	0.98553291998819	0.0104936561116032
0.902482848742241	0.978928454753349	0.989709245344659	0.9890558640967	0.0115236926004574
0.909934497816594	0.980713245997089	0.991266375545852	0.990174672489083	0.0125549100618632
0.919251716789013	0.981529718209804	0.99218565001184	0.991238456073881	0.013503047028179
0.913586060748764	0.983046856604662	0.993171650576878	0.991052507652461	0.0144367859194726
0.919358698253171	0.981813831060062	0.991864082316344	0.991385498923187	0.015447078846614
0.920054200542005	0.988075880758808	0.994579945799458	0.992953929539295	0.0164803500542005
0.92894280762565	0.985557481224726	0.993356441363374	0.992778740612363	0.0175068378105142
0.925007944073721	0.986336193199873	0.995551318716238	0.993644741023197	0.018538330600572
0.925211505922166	0.985109983079526	0.991878172588832	0.990862944162437	0.01954578642978
0.930404523705959	0.988255763375381	0.993910395824271	0.99217050891692	0.0205035486298391
0.93365307753797	0.988009592326139	0.995203836930456	0.99400479616307	0.0214327272981615
0.931743421052632	0.981496710526316	0.992598684210526	0.991776315789474	0.0224468172697368
0.925208974923009	0.986801583809943	0.993840739111307	0.992080950285966	0.0234907640123185
0.934803001876173	0.982645403377111	0.99437148217636	0.99390243902439	0.0245077644465291
0.931972789115646	0.990281827016521	0.993683187560739	0.994169096209913	0.0255338759961127
0.940578158458244	0.992505353319058	0.997323340471092	0.997323340471092	0.0265522491970021
0.932862190812721	0.988221436984688	0.996466431095406	0.995288574793875	0.0274971207891637
0.942342342342342	0.985585585585586	0.994594594594595	0.992192192192192	0.0284339714114114
0.943147815679234	0.991621783363256	0.997007779772591	0.993417115499701	0.0294536506882107
0.931451612903226	0.983870967741935	0.995967741935484	0.993279569892473	0.0304709999327957
0.947761194029851	0.995251017639077	0.998643147896879	0.997964721845319	0.0315069916553596
0.937047756874095	0.986975397973951	0.99493487698987	0.993487698986975	0.0325415878437048
0.93815987933635	0.990950226244344	0.995475113122172	0.993966817496229	0.0335509460030166
0.940497335701599	0.990230905861456	0.996447602131439	0.994671403197158	0.0344902892539964
0.937991266375546	0.992139737991266	0.993886462882096	0.994759825327511	0.0354256331004367
0.941176470588235	0.992760180995475	0.998190045248869	0.997285067873303	0.036464991040724
0.943105110896818	0.988428158148505	0.993249758919961	0.993249758919961	0.0374724231436837
0.935609756097561	0.991219512195122	0.999024390243902	0.999024390243902	0.0384917528780488
0.956475583864119	0.992569002123142	0.998938428874735	1	0.039551842462845
0.945175438596491	0.989035087719298	0.995614035087719	0.995614035087719	0.0405527667763158
0.944168734491315	0.991315136476427	0.996277915632754	0.997518610421836	0.041494291191067
0.941320293398533	0.987775061124694	0.995110024449878	0.996332518337408	0.0424520657701711
0.954933008526188	0.989037758830694	0.996345919610231	0.997563946406821	0.0434519421437272
0.934980494148244	0.989596879063719	0.993498049414824	0.99479843953186	0.044483622106632
0.947154471544715	0.993224932249323	0.994579945799458	0.993224932249323	0.0455315017615176
0.937158469945355	0.989071038251366	0.993169398907104	0.994535519125683	0.0465333721311475
0.947932618683001	0.990811638591118	0.998468606431853	0.996937212863706	0.0475273094946401
0.942457231726283	0.990668740279938	0.995334370139969	0.995334370139969	0.0484715040435459
0.953947368421053	0.991776315789474	0.995065789473684	0.996710526315789	0.0494664899671053
0.947916666666667	0.986111111111111	0.991319444444444	0.994791666666667	0.0504446090277778
0.953528399311532	0.993115318416523	0.998278829604131	1	0.0514901240963855
0.951871657754011	0.994652406417112	0.996434937611408	0.998217468805704	0.0525374579322638
0.950191570881226	0.990421455938697	0.998084291187739	0.996168582375479	0.0535320599616858
0.957142857142857	0.990476190476191	0.995238095238095	0.995238095238095	0.0545351335714286
0.950959488272921	0.991471215351812	0.997867803837953	0.995735607675906	0.0554872628997868
0.968680089485459	0.995525727069351	0.997762863534676	1	0.0564677073825503
0.93812375249501	0.99001996007984	0.994011976047904	0.996007984031936	0.0574718726546906
0.954441913439636	0.990888382687927	0.993166287015945	0.997722095671982	0.0584719933940775
0.954659949622166	0.997481108312343	1	1	0.0594836876574307
0.965699208443272	0.994722955145119	1	0.997361477572559	0.0605160248021108
0.952631578947368	0.989473684210526	0.994736842105263	0.994736842105263	0.0615209010526316
0.947058823529412	0.988235294117647	0.997058823529412	1	0.0624885482352941
0.932748538011696	0.988304093567251	0.997076023391813	0.997076023391813	0.0634594757309942
0.953488372093023	0.997093023255814	0.997093023255814	0.997093023255814	0.0644731162790698
0.967647058823529	0.991176470588235	0.994117647058824	0.997058823529412	0.0654641629411765
0.95046439628483	0.987616099071207	0.990712074303406	0.990712074303406	0.0665451486068111
0.934931506849315	0.986301369863014	0.996575342465753	0.993150684931507	0.0675803167808219
0.932307692307692	0.984615384615385	0.996923076923077	1	0.068543892
0.96113074204947	0.989399293286219	0.996466431095406	0.996466431095406	0.0694856946996466
0.955645161290323	0.991935483870968	0.995967741935484	0.991935483870968	0.070480622983871
0.951851851851852	0.981481481481482	0.985185185185185	0.988888888888889	0.0714988085185185
0.966329966329966	0.996632996632997	1	1	0.0725032023569024
0.93801652892562	0.991735537190083	0.991735537190083	0.995867768595041	0.0735093119834711
0.96028880866426	0.996389891696751	1	1	0.0745350685920578
0.967289719626168	0.981308411214953	0.990654205607477	0.995327102803738	0.0755074700934579
0.97196261682243	0.995327102803738	1	1	0.0765334542056075
0.968609865470852	0.995515695067265	1	0.995515695067265	0.0774601246636771
0.9581589958159	0.98744769874477	1	1	0.0784251125523013
0.946502057613169	0.995884773662551	0.995884773662551	0.995884773662551	0.0795250106995885
0.954128440366973	0.990825688073395	1	1	0.080543995412844
0.960199004975124	1	1	1	0.0815196054726368
0.979381443298969	0.994845360824742	1	0.994845360824742	0.0825165896907216
0.957575757575758	0.993939393939394	0.993939393939394	0.993939393939394	0.0835064654545455
0.956521739130435	0.987577639751553	0.981366459627329	0.993788819875776	0.0844314372670807
0.94413407821229	0.988826815642458	0.994413407821229	0.988826815642458	0.085471538547486
0.954802259887006	1	1	1	0.0864717796610169
0.982142857142857	0.988095238095238	0.994047619047619	0.982142857142857	0.0874618446428571
0.970930232558139	1	1	1	0.0885372494186046
0.985915492957746	1	1	1	0.0895242690140845
0.952054794520548	0.986301369863014	0.993150684931507	0.993150684931507	0.0904991356164384
0.980263157894737	1	1	1	0.0914681052631579
0.923664122137405	0.99236641221374	1	1	0.0925388816793893
0.959349593495935	0.991869918699187	1	0.991869918699187	0.0935535536585366
0.952755905511811	0.992125984251969	0.992125984251969	0.992125984251969	0.0945143503937008
0.964788732394366	1	1	1	0.0955191690140845
0.957746478873239	1	1	1	0.0964442697183099
0.911504424778761	0.973451327433628	0.973451327433628	0.982300884955752	0.0974984584070796
0.973913043478261	0.991304347826087	0.991304347826087	0.991304347826087	0.0984472556521739
0.959016393442623	0.983606557377049	0.991803278688525	0.991803278688525	0.0994572204918033
0.941176470588235	1	1	1	0.100492294117647
0.973913043478261	1	1	1	0.101530434782609
0.913793103448276	0.974137931034483	0.991379310344828	1	0.102479025862069
0.978723404255319	1	1	1	0.103474191489362
0.938053097345133	0.973451327433628	0.982300884955752	0.982300884955752	0.10448810619469
0.979381443298969	1	1	1	0.105465969072165
0.964912280701754	1	1	1	0.106464561403509
0.97029702970297	1	1	1	0.107512702970297
0.929411764705882	0.988235294117647	1	1	0.108519023529412
0.949367088607595	0.987341772151899	1	1	0.109530620253165
0.921348314606742	1	1	1	0.11048908988764
0.918367346938776	0.989795918367347	1	1	0.111501591836735
0.968085106382979	0.98936170212766	1	1	0.112529446808511
0.968085106382979	1	1	1	0.113472680851064
0.988505747126437	0.988505747126437	1	1	0.114503022988506
1	1	1	1	0.115542043478261
0.989690721649485	1	1	1	0.116476628865979
0.945945945945946	1	1	1	0.117539540540541
0.924528301886792	0.981132075471698	0.981132075471698	1	0.118499396226415
0.976744186046512	1	1	1	0.119478279069767
1	1	1	1	0.120465788732394
0.974025974025974	0.987012987012987	1	1	0.12141861038961
0.951612903225806	0.983870967741935	1	1	0.122486370967742
0.982456140350877	0.982456140350877	0.982456140350877	0.982456140350877	0.123551666666667
0.963636363636364	0.963636363636364	0.981818181818182	0.981818181818182	0.124515545454545
0.953846153846154	0.984615384615385	0.984615384615385	0.984615384615385	0.125537230769231
0.970149253731343	0.970149253731343	0.970149253731343	0.970149253731343	0.126440089552239
0.954545454545455	1	1	1	0.127517727272727
0.96551724137931	1	1	1	0.128477517241379
0.953846153846154	1	1	1	0.129515276923077
0.984615384615385	0.984615384615385	0.984615384615385	0.984615384615385	0.130532738461538
0.98	0.98	0.98	0.98	0.13146726
0.946428571428571	0.982142857142857	1	1	0.132479410714286
0.954545454545455	1	1	1	0.133492704545455
0.958333333333333	1	1	1	0.134584791666667
1	1	1	1	0.135559018867925
0.952380952380952	1	1	1	0.136504952380952
0.982142857142857	0.982142857142857	0.982142857142857	0.982142857142857	0.137510928571429
1	1	1	1	0.138435566037736
0.96	1	1	1	0.13955892
0.983050847457627	1	1	1	0.140480966101695
0.975609756097561	1	1	1	0.141447292682927
0.979591836734694	0.979591836734694	1	1	0.142437836734694
0.930232558139535	0.976744186046512	1	1	0.143519813953488
1	1	1	1	0.144511047619048
0.975609756097561	0.975609756097561	1	1	0.145510731707317
0.975609756097561	1	1	1	0.146490292682927
0.951219512195122	1	1	1	0.147541585365854
0.9375	1	1	1	0.148518395833333
0.971428571428571	1	1	1	0.149517885714286
0.951219512195122	0.951219512195122	0.951219512195122	0.975609756097561	0.150562634146341
0.948275862068966	0.982758620689655	1	1	0.151540068965517
1	1	1	1	0.15250475
1	1	1	1	0.153472777777778
0.9375	1	1	1	0.15455340625
0.967741935483871	1	1	1	0.155435612903226
0.951219512195122	1	1	1	0.156521585365854
0.896551724137931	0.931034482758621	0.96551724137931	0.931034482758621	0.157463
0.956521739130435	1	1	1	0.158581913043478
0.971428571428571	0.971428571428571	1	1	0.159567342857143
0.884615384615385	1	1	1	0.160574153846154
1	1	1	1	0.161523388888889
1	1	1	1	0.162455451612903
0.974358974358974	1	1	1	0.163476205128205
0.966666666666667	1	1	1	0.164486833333333
0.947368421052632	1	1	1	0.165344
0.96551724137931	0.96551724137931	1	1	0.166455965517241
1	1	1	1	0.16746728125
1	1	1	1	0.16861219047619
1	1	1	1	0.169537952380952
1	1	1	1	0.170507676470588
1	1	1	1	0.17149695
1	1	1	1	0.172422034482759
0.967741935483871	1	1	1	0.173499967741935
0.866666666666667	1	1	1	0.1746132
1	1	1	1	0.1755665
0.958333333333333	1	1	1	0.176521583333333
1	1	1	1	0.177557608695652
0.958333333333333	1	1	1	0.178481333333333
1	1	1	1	0.179485962962963
0.903225806451613	0.967741935483871	1	1	0.180529709677419
0.961538461538462	1	1	1	0.181420115384615
0.904761904761905	1	1	1	0.182599428571429
0.933333333333333	0.966666666666667	1	1	0.183469133333333
0.964285714285714	0.964285714285714	0.964285714285714	0.964285714285714	0.184545892857143
0.944444444444444	1	1	1	0.185472666666667
1	1	1	1	0.18649744
0.9375	1	1	1	0.1875950625
0.85	1	1	1	0.1885367
1	1	1	1	0.18956595
0.941176470588235	0.941176470588235	1	1	0.190456588235294
1	1	1	1	0.191527269230769
1	1	1	1	0.192587533333333
0.91304347826087	0.91304347826087	0.956521739130435	0.956521739130435	0.193474913043478
0.944444444444444	1	1	1	0.194591388888889
1	1	1	1	0.1954264375
1	1	1	1	0.196570260869565
1	1	1	1	0.197565090909091
0.96551724137931	1	1	1	0.198593689655172
1	1	1	1	0.19948846875
0.954545454545455	0.954545454545455	1	1	0.200374636363636
0.923076923076923	1	1	1	0.201473153846154
0.941176470588235	1	1	1	0.202418352941176
1	1	1	1	0.2034276
1	1	1	1	0.204464333333333
0.916666666666667	0.916666666666667	1	1	0.205434
0.95	1	1	1	0.20637345
1	1	1	1	0.20761425
1	1	1	1	0.2084468
0.947368421052632	1	1	1	0.209604789473684
0.944444444444444	0.944444444444444	0.944444444444444	0.944444444444444	0.210463277777778
1	1	1	1	0.21140575
1	1	1	1	0.2125273125
1	1	1	1	0.2135382
1	1	1	1	0.2143924375
0.933333333333333	1	1	1	0.215549066666667
0.933333333333333	1	1	1	0.216439533333333
0.923076923076923	1	1	1	0.217520230769231
1	1	1	1	0.218458714285714
1	1	1	1	0.219514
1	1	1	1	0.220487611111111
1	1	1	1	0.221514583333333
1	1	1	1	0.222572769230769
1	1	1	1	0.223545363636364
1	1	1	1	0.224513090909091
0.928571428571429	1	1	1	0.225511142857143
1	1	1	1	0.226480105263158
1	1	1	1	0.2274094
1	1	1	1	0.228558083333333
1	1	1	1	0.2294223
1	1	1	1	0.230544857142857
1	1	1	1	0.231445333333333
1	1	1	1	0.232569769230769
1	1	1	1	0.23351625
0.833333333333333	0.833333333333333	0.833333333333333	0.833333333333333	0.234482166666667
1	1	1	1	0.235597111111111
1	1	1	1	0.236487666666667
0.833333333333333	1	1	1	0.237469
1	1	1	1	0.2382502
1	1	1	1	0.239434
1	1	1	1	0.240465090909091
1	1	1	1	0.241471727272727
1	1	1	1	0.2427087
1	1	1	1	0.2434887
1	1	1	1	0.244526266666667
1	1	1	1	0.245594692307692
1	1	1	1	0.246380142857143
1	1	1	1	0.247347625
1	1	1	1	0.248518625
1	1	1	1	0.2493202
1	1	1	1	0.250635166666667
1	1	1	1	0.2517406
1	1	1	1	0.252559
1	1	1	1	0.253546428571429
1	1	1	1	0.254290444444444
1	1	1	1	0.255418916666667
1	1	1	1	0.2562632
1	1	1	1	0.257358333333333
1	1	1	1	0.258288166666667
0.928571428571429	0.928571428571429	1	1	0.2596165
1	1	1	1	0.260614
1	1	1	1	0.261250888888889
1	1	1	1	0.262616
0.857142857142857	1	1	1	0.263645571428571
0.875	1	1	1	0.2646285
0.9	1	1	1	0.2654595
1	1	1	1	0.26668
1	1	1	1	0.267286285714286
1	1	1	1	0.268328571428571
1	1	1	1	0.269557
1	1	1	1	0.27049
1	1	1	1	0.271633875
1	0.857142857142857	1	1	0.272542857142857
1	1	1	1	0.273318333333333
1	1	1	1	0.2744276
1	1	1	1	0.2756205
1	1	1	1	0.276494166666667
1	1	1	1	0.277551625
1	1	1	1	0.27824
1	1	1	1	0.279369166666667
1	1	1	1	0.280635083333333
1	1	1	1	0.281543222222222
1	1	1	1	0.282659
1	1	1	1	0.2834764
1	1	1	1	0.28482
0.875	1	1	1	0.28540175
1	1	1	1	0.28665
0.5	0.5	0.5	1	0.287464
1	1	1	1	0.2885685
1	1	1	1	0.289255777777778
0.6	0.8	1	1	0.2904968
1	1	1	1	0.2914742
1	1	1	1	0.2926248
1	1	1	1	0.293531666666667
1	1	1	1	0.294574333333333
1	1	1	1	0.29548
1	1	1	1	0.296571
1	1	1	1	0.2977025
1	1	1	1	0.298723
1	1	1	1	0.299609
1	1	1	1	0.300346
1	1	1	1	0.301641714285714
1	1	1	1	0.302718
1	1	1	1	0.303411
1	1	1	1	0.30472
1	1	1	1	0.3055716
1	1	1	1	0.306219
1	1	1	1	0.30758925
1	1	1	1	0.308152
1	1	1	1	0.3096255
0.833333333333333	1	1	1	0.310363833333333
1	1	1	1	0.311644
1	1	1	1	0.312577333333333
1	1	1	1	0.313375666666667
1	1	1	1	0.314628666666667
0.75	1	1	1	0.31530575
0.833333333333333	0.833333333333333	0.833333333333333	0.833333333333333	0.316380333333333
1	1	1	1	0.317209
0.5	0.5	0.5	0.5	0.3185945
1	1	1	1	0.319343
1	1	1	1	0.3205235
1	1	1	1	0.32187
1	1	1	1	0.3225245
1	1	1	1	0.3236242
1	1	1	1	0.3245985
1	1	1	1	0.325278
1	1	1	1	0.3262784
1	1	1	1	0.3276645
1	1	1	1	0.328642
1	1	1	1	0.329681
1	1	1	1	0.3305304
1	1	1	1	0.331412
1	1	1	1	0.3323718
1	1	1	1	0.3337454
1	1	1	1	0.3344324
1	1	1	1	0.3363545
1	1	1	1	0.337414857142857
0.5	1	1	1	0.338726
1	1	1	1	0.339464666666667
1	1	1	1	0.340613
0.857142857142857	1	1	1	0.341609428571429
1	1	1	1	0.342539
1	1	1	1	0.34348275
1	1	1	1	0.344659333333333
1	1	1	1	0.3459
1	1	1	1	0.346344
1	1	1	1	0.34762
1	1	1	1	0.34823825
1	1	1	1	0.3496805
1	1	1	1	0.3505665
1	1	1	1	0.351661333333333
1	1	1	1	0.352396
1	1	1	1	0.35368625
1	1	1	1	0.354699
1	1	1	1	0.355606
1	1	1	1	0.356426666666667
1	1	1	1	0.35740775
1	1	1	1	0.358937
1	1	1	1	0.3594085
1	1	1	1	0.360848
1	1	1	1	0.361718333333333
1	1	1	1	0.362644
1	1	1	1	0.3634115
1	1	1	1	0.3645255
0.833333333333333	1	1	1	0.36544
1	1	1	1	0.3666532
1	1	1	1	0.3673605
1	1	1	1	0.368876
1	1	1	1	0.369362166666667
1	1	1	1	0.370752
1	1	1	1	0.3714195
1	1	1	1	0.372323
1	1	1	1	0.373937
1	1	1	1	0.374119
1	1	1	1	0.3757465
0	1	1	1	0.376185
1	1	1	1	0.3775745
1	1	1	1	0.378519666666667
1	1	1	1	0.379393333333333
1	1	1	1	0.3803295
1	1	1	1	0.3823895
1	1	1	1	0.383965
1	1	1	1	0.385249
1	1	1	1	0.386991
0.5	1	1	1	0.387482
1	1	1	1	0.3884195
0	0	0	0	0.389255
1	1	1	1	0.390713333333333
1	1	1	1	0.391143
1	1	1	1	0.392916
0	1	1	1	0.394683
1	1	1	1	0.3954305
1	1	1	1	0.396308
1	1	1	1	0.398721
0.991596638655462	0.991596638655462	0.991596638655462	0.991596638655462	0.448134134453782
