Core_TOPMed	OmniExp_TOPMed	Omni25_TOPMed	MEGA_TOPMed	MAF
0.192766726943942	0.222278481012658	0.239095840867993	0.234647377938517	0.000205988257793852
0.278373266078184	0.336223203026482	0.369798234552333	0.363335435056747	0.000411962260718789
0.325216276834348	0.397949375200256	0.447292534444088	0.43703941044537	0.000617984537007369
0.317350469599605	0.407810182896688	0.461690558576372	0.449332674246169	0.000823974248640633
0.37749901999216	0.469227753822031	0.53155625245002	0.523324186593493	0.00111874377107017
0.447513812154696	0.558011049723757	0.630939226519337	0.601104972375691	0.00144167228729282
0.416331994645248	0.511378848728246	0.578313253012048	0.578313253012048	0.00164780445783133
0.437699680511182	0.530351437699681	0.608626198083067	0.591054313099042	0.0018536689456869
0.468113374667848	0.569973427812223	0.637289636846767	0.620460584588131	0.0024347839061116
0.542894564505567	0.64309102815979	0.704649639816634	0.688932547478716	0.00346855666666667
0.594320486815416	0.691683569979716	0.753549695740365	0.745436105476673	0.00450426548681542
0.655699177438308	0.757931844888367	0.813160987074031	0.795534665099882	0.00555037159811986
0.638364779874214	0.762578616352201	0.809748427672956	0.809748427672956	0.00649399800314465
0.661261261261261	0.765765765765766	0.821621621621622	0.818018018018018	0.00741566021621622
0.724752475247525	0.845544554455446	0.887128712871287	0.875247524752475	0.00845559786138614
0.734234234234234	0.846846846846847	0.878378378378378	0.873873873873874	0.00946387833333333
0.74234693877551	0.836734693877551	0.887755102040816	0.872448979591837	0.0105067836734694
0.746438746438746	0.86039886039886	0.905982905982906	0.897435897435897	0.0115498715099715
0.752321981424149	0.873065015479876	0.922600619195046	0.919504643962848	0.0125534160990712
0.821917808219178	0.897260273972603	0.917808219178082	0.914383561643836	0.0135360571917808
0.777777777777778	0.877777777777778	0.933333333333333	0.92962962962963	0.0144306437037037
0.788888888888889	0.874074074074074	0.940740740740741	0.92962962962963	0.0154511022222222
0.783333333333333	0.908333333333333	0.941666666666667	0.908333333333333	0.0164417825
0.805825242718447	0.868932038834951	0.91747572815534	0.922330097087379	0.0174825082524272
0.828054298642534	0.904977375565611	0.932126696832579	0.927601809954751	0.0185401805429864
0.794444444444444	0.933333333333333	0.966666666666667	0.966666666666667	0.0195314727777778
0.829931972789116	0.877551020408163	0.925170068027211	0.925170068027211	0.0205182693877551
0.89873417721519	0.943037974683544	0.968354430379747	0.968354430379747	0.0214504012658228
0.920634920634921	0.976190476190476	0.984126984126984	0.976190476190476	0.0224267626984127
0.845238095238095	0.93452380952381	0.964285714285714	0.946428571428571	0.0234864994047619
0.879310344827586	0.931034482758621	0.982758620689655	0.96551724137931	0.0244528525862069
0.795454545454545	0.916666666666667	0.946969696969697	0.931818181818182	0.0255378560606061
0.84375	0.8984375	0.9609375	0.9609375	0.02656763984375
0.935483870967742	0.967741935483871	0.978494623655914	0.967741935483871	0.0275213849462366
0.829545454545455	0.965909090909091	0.977272727272727	0.965909090909091	0.0284905965909091
0.833333333333333	0.925925925925926	0.962962962962963	0.962962962962963	0.0294438361111111
0.80952380952381	0.971428571428571	0.990476190476191	0.971428571428571	0.0304835666666667
0.876288659793814	0.917525773195876	0.927835051546392	0.948453608247423	0.0315266773195876
0.857142857142857	0.916666666666667	0.964285714285714	0.964285714285714	0.0325298916666667
0.892857142857143	0.964285714285714	0.964285714285714	0.964285714285714	0.0335843714285714
0.927536231884058	1	1	1	0.0345428420289855
0.855072463768116	0.942028985507246	0.971014492753623	0.971014492753623	0.0353859579710145
0.905660377358491	0.962264150943396	0.981132075471698	1	0.0364327018867925
0.890625	0.96875	1	0.984375	0.0374806515625
0.862745098039216	0.980392156862745	0.980392156862745	0.980392156862745	0.0385053823529412
0.927272727272727	0.945454545454545	0.963636363636364	0.963636363636364	0.0395563490909091
0.918032786885246	0.983606557377049	1	1	0.0405715737704918
0.936170212765957	0.957446808510638	0.957446808510638	0.978723404255319	0.0415063212765957
0.91304347826087	0.934782608695652	0.978260869565217	0.978260869565217	0.0423821847826087
0.904761904761905	0.952380952380952	0.976190476190476	0.976190476190476	0.0434887023809524
0.85	0.925	0.925	0.925	0.0445094625
0.964912280701754	0.982456140350877	0.982456140350877	0.982456140350877	0.0454913912280702
0.972222222222222	0.972222222222222	1	1	0.046514125
0.926829268292683	0.975609756097561	1	1	0.0476061
0.92156862745098	0.980392156862745	0.980392156862745	0.980392156862745	0.0485354
0.904761904761905	1	1	1	0.0494694428571429
0.979166666666667	0.979166666666667	0.979166666666667	0.979166666666667	0.05044883125
0.866666666666667	0.933333333333333	0.955555555555556	0.911111111111111	0.0515548
1	1	1	1	0.0525219481481482
0.833333333333333	0.9375	1	0.979166666666667	0.0535787645833333
0.891891891891892	0.972972972972973	0.972972972972973	0.972972972972973	0.0544441486486486
0.967741935483871	1	1	1	0.0555230612903226
0.944444444444444	0.972222222222222	0.972222222222222	0.972222222222222	0.0564659666666667
0.892857142857143	0.964285714285714	0.964285714285714	0.964285714285714	0.0575887714285714
0.923076923076923	0.961538461538462	1	0.961538461538462	0.0585131038461538
0.956521739130435	1	1	1	0.0595246695652174
1	1	1	1	0.0605673
0.961538461538462	1	1	1	0.0615742961538462
1	1	1	1	0.0625286055555556
0.96875	1	0.96875	0.96875	0.06340425625
0.916666666666667	0.958333333333333	1	1	0.0645323041666667
1	1	1	1	0.0655510466666667
1	1	1	1	0.0664403322580645
0.928571428571429	1	1	1	0.0675532285714286
0.833333333333333	0.944444444444444	1	1	0.0685780888888889
1	1	1	1	0.0695702611111111
1	1	1	1	0.0704212666666667
0.863636363636364	1	0.954545454545455	0.954545454545455	0.0716198272727273
1	1	1	1	0.07258784
0.8	0.933333333333333	0.933333333333333	0.933333333333333	0.0734889
0.9375	1	1	1	0.0746614125
0.875	1	1	1	0.07552824375
1	1	1	1	0.0765802142857143
1	1	1	1	0.0774740714285714
1	1	1	1	0.0785009941176471
0.933333333333333	1	1	1	0.0793750933333333
0.941176470588235	1	1	1	0.0805674294117647
1	1	1	1	0.0817241875
1	1	1	1	0.0824556714285714
0.947368421052632	0.947368421052632	1	1	0.0835139736842105
0.833333333333333	1	1	1	0.0845660166666667
1	1	1	1	0.0853210833333333
0.894736842105263	0.947368421052632	0.947368421052632	0.947368421052632	0.0864800947368421
1	1	1	1	0.0875585625
1	1	1	1	0.08839205
1	1	1	1	0.0895813181818182
0.928571428571429	1	1	1	0.0904477428571429
0.857142857142857	0.928571428571429	0.928571428571429	0.928571428571429	0.0916393857142857
0.9	1	1	1	0.09241037
0.894736842105263	1	1	1	0.0934742052631579
1	1	1	1	0.0945952555555555
1	1	1	1	0.095442825
0.833333333333333	1	1	1	0.0966368833333333
1	1	1	1	0.0975811909090909
1	1	1	1	0.0984126
1	1	1	1	0.0993939857142857
0.916666666666667	1	1	1	0.100442833333333
1	1	1	1	0.1015612
0.833333333333333	1	1	1	0.102649333333333
0.857142857142857	1	1	1	0.103705142857143
0.9	1	1	1	0.1044697
1	1	1	1	0.105450375
1	1	1	1	0.106428666666667
1	1	1	1	0.107554857142857
0.909090909090909	1	1	1	0.108550181818182
1	1	1	1	0.109615857142857
0.888888888888889	1	1	1	0.110518777777778
1	1	1	1	0.111529428571429
1	1	1	1	0.112316333333333
1	1	1	1	0.11355225
0.923076923076923	0.923076923076923	0.923076923076923	0.923076923076923	0.114601769230769
1	1	1	1	0.115720888888889
1	1	1	1	0.116529444444444
1	1	1	1	0.117769
0.888888888888889	1	1	1	0.118501444444444
1	1	1	1	0.119201333333333
1	1	1	1	0.120396571428571
1	1	1	1	0.121623
1	1	1	1	0.1225078
1	1	1	1	0.123401
1	1	1	1	0.124398333333333
1	1	1	1	0.125639857142857
0.75	0.75	1	1	0.12642875
1	1	1	1	0.127654333333333
0.571428571428571	1	1	1	0.128582571428571
1	1	1	1	0.1293877
1	1	1	1	0.130613833333333
1	1	1	1	0.131658333333333
1	1	1	1	0.132688166666667
1	1	1	1	0.133694
1	1	1	1	0.1346035
1	1	1	1	0.135508666666667
1	1	1	1	0.136916
1	1	1	1	0.137444
1	1	1	1	0.138477
1	1	1	1	0.139518
0.857142857142857	1	1	0.857142857142857	0.140389571428571
1	1	1	1	0.141403285714286
1	1	1	1	0.1424742
1	1	1	1	0.1435164
1	1	1	1	0.1445166
1	1	1	1	0.145567222222222
1	1	1	1	0.146211
1	1	1	1	0.1474512
0.857142857142857	0.857142857142857	0.857142857142857	0.857142857142857	0.148526285714286
1	1	1	1	0.149574333333333
1	1	1	1	0.150789
1	1	1	1	0.1514954
1	1	1	1	0.1526265
1	1	1	1	0.153529285714286
1	1	1	1	0.154453333333333
1	1	1	1	0.15524
1	1	1	1	0.156784
1	1	1	1	0.157557142857143
1	1	1	1	0.158428
1	1	1	1	0.1595265
1	1	1	1	0.16042
0.833333333333333	1	1	1	0.161541666666667
1	1	1	1	0.162412666666667
1	1	1	1	0.163447444444444
1	1	1	1	0.164381714285714
1	1	1	1	0.165574545454545
1	1	1	1	0.1663922
1	1	1	1	0.167879
1	1	1	1	0.16852925
1	1	1	1	0.169963
1	1	1	1	0.1704688
1	1	1	1	0.17133425
1	1	1	1	0.1725416
1	1	1	1	0.1736355
0.8	0.8	1	0.8	0.1744232
1	1	1	1	0.1754016
1	1	1	1	0.17639
1	1	1	1	0.1777036
1	1	1	1	0.178633
0.75	1	1	1	0.179502
1	1	1	1	0.180439333333333
1	1	1	1	0.181013
1	1	1	1	0.1824295
1	1	1	1	0.183354
0.8	1	1	0.8	0.184488
1	1	1	1	0.185486333333333
1	1	1	1	0.186609714285714
1	1	1	1	0.1874745
1	1	1	1	0.188349
1	1	1	1	0.1894755
1	1	1	1	0.19060125
1	1	1	1	0.1914525
1	1	1	1	0.192427
1	1	1	1	0.1935235
1	1	1	1	0.194811
1	1	1	1	0.195407166666667
1	1	1	1	0.196458
1	1	1	1	0.197350333333333
1	1	1	1	0.198537
1	1	1	1	0.199609
1	1	1	1	0.2002675
1	1	1	1	0.201414333333333
1	1	1	1	0.202171333333333
1	1	1	1	0.203788
1	1	1	1	0.204295
1	1	1	1	0.2055264
1	1	1	1	0.206492
1	1	1	1	0.207604857142857
1	1	1	1	0.208986
1	1	1	1	0.2095015
1	1	1	1	0.210255
1	1	1	1	0.211274333333333
1	1	1	1	0.212385
1	1	1	1	0.21354
1	1	1	1	0.214521333333333
1	1	1	1	0.2156458
1	1	1	1	0.21630075
0.666666666666667	1	1	1	0.217424
1	1	1	1	0.2194645
0.5	0.75	0.75	0.75	0.2203915
1	1	1	1	0.2211815
1	1	1	1	0.222405
1	1	1	1	0.223505
1	1	1	1	0.224444
1	1	1	1	0.2252935
1	1	1	1	0.226421
0.75	0.75	1	1	0.227441
1	1	1	1	0.2285762
1	1	1	1	0.229257
1	1	1	1	0.23172
1	1	1	1	0.232441
1	1	1	1	0.233323
1	1	1	1	0.234353333333333
1	1	1	1	0.235621333333333
1	1	1	1	0.236508
1	1	1	1	0.2377665
1	1	1	1	0.238335
1	1	1	1	0.239547
1	1	1	1	0.24078075
1	1	1	1	0.242276333333333
1	1	1	1	0.2446895
1	1	1	1	0.245606666666667
1	1	1	1	0.2463965
1	1	1	1	0.247289
1	1	1	1	0.248044
1	1	1	1	0.2493305
1	1	1	1	0.25056625
1	1	1	1	0.2511855
1	1	1	1	0.2523682
1	1	1	1	0.254631666666667
1	1	1	1	0.255593666666667
1	1	1	1	0.256537
1	1	1	1	0.257315666666667
1	1	1	1	0.2583606
1	1	1	1	0.2597285
1	1	1	1	0.260574
1	1	1	1	0.261429
1	1	1	1	0.262457333333333
0.833333333333333	0.833333333333333	1	1	0.264408666666667
1	1	1	1	0.26513
1	1	1	1	0.266536
1	1	1	1	0.267614
1	1	1	1	0.268744666666667
1	1	1	1	0.269220333333333
1	1	1	1	0.270418666666667
1	1	1	1	0.274506
1	1	1	1	0.275443
1	1	1	1	0.276668
1	1	1	1	0.277183
1	1	1	1	0.278727
1	1	1	1	0.27938
1	1	1	1	0.280465
1	1	1	1	0.281392
1	1	1	1	0.282421
1	1	1	1	0.283537333333333
1	1	1	1	0.2858025
1	1	1	1	0.287317
1	1	1	1	0.288559333333333
1	1	1	1	0.28923
1	1	1	1	0.290201
1	1	1	1	0.292713
1	1	1	1	0.293548
1	1	1	1	0.294513333333333
1	1	1	1	0.295464
1	1	1	1	0.296705666666667
1	1	1	1	0.298311
1	1	1	1	0.299815
1	1	1	1	0.301564
1	1	1	1	0.3027585
1	1	1	1	0.30313
1	1	1	1	0.305899
1	1	1	1	0.3063685
1	1	1	1	0.307328
1	1	1	1	0.3084205
1	1	1	1	0.309387
1	1	1	1	0.3133115
1	1	1	1	0.314242666666667
1	1	1	1	0.315692
1	1	1	1	0.316852
1	1	1	1	0.317209
1	1	1	1	0.320914
1	1	1	1	0.32159
1	1	1	1	0.322767
1	1	1	1	0.323178
1	1	1	1	0.324825
1	1	1	1	0.325711
1	1	1	1	0.326463
1	1	1	1	0.327771
1	1	1	1	0.328871
1	1	1	1	0.329283
1	1	1	1	0.331549
1	1	1	1	0.3326878
1	1	1	1	0.333768
1	1	1	1	0.3347065
1	1	1	1	0.335187
1	1	1	1	0.336836
1	1	1	1	0.338800666666667
1	1	1	1	0.339852
1	1	1	1	0.340563
1	1	1	1	0.3426365
1	1	1	1	0.343145
1	1	1	1	0.344630666666667
1	1	1	1	0.347611
1	1	1	1	0.348086
1	1	1	1	0.350494
1	1	1	1	0.352554
1	1	1	1	0.353171333333333
1	1	1	1	0.3553335
1	1	1	1	0.356346666666667
1	1	1	1	0.3573495
1	1	1	1	0.361437
1	1	1	1	0.362907
1	1	1	1	0.363056
1	1	1	1	0.36867
1	1	1	1	0.369261
1	1	1	1	0.370111
1	1	1	1	0.371652
1	1	1	1	0.376287
1	1	1	1	0.377677
1	1	1	1	0.379119
1	1	1	1	0.3814664
1	1	1	1	0.38555
1	1	1	1	0.386026
1	1	1	1	0.388133
1	1	1	1	0.389461
1	1	1	1	0.391018
1	1	1	1	0.395344
1	1	1	1	0.396644
1	1	1	1	0.39893
1	1	1	1	0.399918
0.980392156862745	1	1	1	0.445759431372549
