Core_TOPMed	OmniExp_TOPMed	Omni25_TOPMed	MEGA_TOPMed	MAF
0.393131878969585	0.421363761884098	0.438824016726498	0.434032900706142	0.00020584854902363
0.490995514494209	0.563288031956439	0.610865635669813	0.596204057039566	0.000411696303351856
0.490795357897336	0.588630689456501	0.652610496858624	0.632308156602376	0.000617543984663502
0.49730587895699	0.61300875589339	0.68858847301068	0.6654478976234	0.000823392153613009
0.538622396722431	0.676212017753499	0.761736087401844	0.738477296005463	0.00111554319733697
0.56343828882689	0.709844559585492	0.794871794871795	0.774412116381028	0.00144093308755148
0.554491017964072	0.703849443969204	0.803592814371258	0.777074422583405	0.00164678139777588
0.566371681415929	0.710981496379727	0.81456154465004	0.793242156074014	0.0018526296078037
0.576809925812228	0.745267331798414	0.846891788181121	0.821693527756459	0.00241202448899974
0.608006209802617	0.787757817697938	0.887003770237303	0.865047682412952	0.00346238785096474
0.634501438970713	0.80717792449636	0.908244455730489	0.886575249703741	0.00450219206703911
0.646188340807175	0.833183856502242	0.925560538116592	0.902914798206278	0.00554030501569507
0.679915048543689	0.861650485436893	0.940837378640777	0.920206310679612	0.00656394506674757
0.696113074204947	0.863515901060071	0.943462897526502	0.924469964664311	0.00750052400618375
0.694020078568311	0.858577040593627	0.953295504146661	0.940200785683108	0.00843650347010039
0.72071181413742	0.891250617894217	0.956005931784478	0.9451309935739	0.00945116155215027
0.737951807228916	0.897590361445783	0.964457831325301	0.953614457831325	0.0104938313855422
0.755600814663951	0.90020366598778	0.959945689069925	0.94908350305499	0.0115138883910387
0.741433021806854	0.903426791277259	0.966510903426791	0.956386292834891	0.0125408334890966
0.773778920308483	0.910025706940874	0.976863753213368	0.966580976863753	0.0135807479005998
0.739229024943311	0.894557823129252	0.961451247165533	0.95578231292517	0.0144963382086168
0.766738660907127	0.911447084233261	0.971922246220302	0.954643628509719	0.0154316444924406
0.781714285714286	0.910857142857143	0.976	0.96	0.0164672387428571
0.790364583333333	0.921875	0.971354166666667	0.958333333333333	0.0175037235677083
0.785407725321888	0.925608011444921	0.975679542203147	0.971387696709585	0.0185320924177396
0.832520325203252	0.944715447154472	0.982113821138211	0.970731707317073	0.0195473733333333
0.804241435562806	0.942903752039152	0.972267536704731	0.975530179445351	0.0205769729200653
0.784017278617711	0.935205183585313	0.98488120950324	0.980561555075594	0.0215059194384449
0.794820717131474	0.914342629482072	0.974103585657371	0.972111553784861	0.0224184119521912
0.810752688172043	0.939784946236559	0.989247311827957	0.980645161290323	0.0234651967741935
0.789473684210526	0.931174089068826	0.965587044534413	0.963562753036437	0.0245003653846154
0.836492890995261	0.947867298578199	0.981042654028436	0.969194312796208	0.0255226052132701
0.827319587628866	0.95360824742268	0.981958762886598	0.974226804123711	0.0265700652061856
0.833333333333333	0.963768115942029	0.990338164251208	0.978260869565217	0.02757705
0.814332247557003	0.931596091205212	0.980456026058632	0.96742671009772	0.0285067345276873
0.876106194690266	0.973451327433628	0.991150442477876	0.988200589970501	0.0294598404129793
0.865853658536585	0.960365853658537	0.99390243902439	0.978658536585366	0.0304752631097561
0.86551724137931	0.958620689655172	0.996551724137931	0.982758620689655	0.0314873227586207
0.867109634551495	0.963455149501661	0.976744186046512	0.976744186046512	0.0325285112956811
0.863013698630137	0.969178082191781	0.98972602739726	0.982876712328767	0.033555297260274
0.887323943661972	0.96830985915493	0.98943661971831	0.982394366197183	0.0345784975352113
0.844559585492228	0.963730569948187	0.989637305699482	0.994818652849741	0.0354909984455959
0.831501831501832	0.948717948717949	0.981684981684982	0.970695970695971	0.0364642018315018
0.883177570093458	0.981308411214953	0.990654205607477	0.981308411214953	0.0374418560747664
0.863436123348018	0.947136563876652	0.991189427312775	0.982378854625551	0.0384877775330396
0.85981308411215	0.925233644859813	0.97196261682243	0.953271028037383	0.0395084462616822
0.93	0.975	0.995	0.99	0.0405014985
0.911764705882353	0.976470588235294	0.994117647058824	0.994117647058824	0.0415808976470588
0.907894736842105	0.980263157894737	1	1	0.0424856453947368
0.895061728395062	0.987654320987654	1	1	0.0434489913580247
0.910958904109589	0.986301369863014	1	1	0.0444544068493151
0.862275449101796	0.964071856287425	0.994011976047904	0.994011976047904	0.0454957886227545
0.910828025477707	0.961783439490446	1	0.993630573248408	0.0465264420382166
0.865497076023392	0.982456140350877	0.994152046783626	0.988304093567251	0.0475315011695906
0.923076923076923	0.980769230769231	0.993589743589744	0.987179487179487	0.0485620961538462
0.944444444444444	0.981481481481482	0.981481481481482	0.990740740740741	0.0494773611111111
0.929078014184397	0.985815602836879	0.99290780141844	0.99290780141844	0.0504280475177305
0.9	0.971428571428571	0.992857142857143	0.992857142857143	0.05146314
0.928057553956835	0.964028776978417	1	0.992805755395683	0.052524935971223
0.884057971014493	0.956521739130435	0.985507246376812	0.985507246376812	0.0535633985507246
0.919354838709677	0.975806451612903	1	1	0.0545263185483871
0.909836065573771	0.991803278688525	0.991803278688525	1	0.0555789786885246
0.91304347826087	0.978260869565217	1	1	0.056482622826087
0.904255319148936	0.968085106382979	1	0.98936170212766	0.05744635
0.9	0.954545454545455	0.990909090909091	0.990909090909091	0.0584715090909091
0.93	0.96	1	0.99	0.059440101
0.930232558139535	0.965116279069767	0.988372093023256	0.965116279069767	0.0605953139534884
0.932038834951456	0.990291262135922	1	1	0.0615259980582524
0.946236559139785	0.967741935483871	1	0.978494623655914	0.0625439784946237
0.91044776119403	0.970149253731343	0.985074626865672	0.970149253731343	0.0635603388059701
0.92	0.98	1	0.99	0.064453236
0.947368421052632	0.968421052631579	0.978947368421053	0.968421052631579	0.0654268031578947
0.953488372093023	0.988372093023256	0.988372093023256	1	0.0664882790697674
0.951219512195122	0.98780487804878	1	1	0.067520006097561
0.934210526315789	0.986842105263158	1	1	0.068549425
0.928571428571429	0.979591836734694	0.989795918367347	1	0.0696056551020408
0.933333333333333	0.983333333333333	1	1	0.07055763
0.975903614457831	1	1	1	0.0714129963855422
0.956521739130435	1	1	1	0.0724846492753623
0.932432432432432	0.986486486486487	1	1	0.0734981472972973
0.902439024390244	0.951219512195122	0.98780487804878	0.98780487804878	0.0744915512195122
0.945945945945946	1	1	1	0.0754926243243243
0.933333333333333	1	1	1	0.0766021683333333
0.941176470588235	1	1	1	0.0775313254901961
0.933333333333333	0.96	0.986666666666667	0.973333333333333	0.078361444
0.986111111111111	0.986111111111111	0.986111111111111	0.986111111111111	0.0794622944444444
0.955882352941177	0.985294117647059	0.985294117647059	0.985294117647059	0.0805100205882353
0.971830985915493	1	1	1	0.0815092140845071
0.951612903225806	0.983870967741935	1	1	0.08251825
1	1	1	1	0.083532308
0.851063829787234	0.978723404255319	0.978723404255319	0.978723404255319	0.084515129787234
0.925373134328358	0.970149253731343	0.970149253731343	0.970149253731343	0.0854425074626866
0.857142857142857	0.964285714285714	0.982142857142857	1	0.0864075321428571
0.950819672131147	1	1	1	0.0874514295081967
0.948275862068966	0.982758620689655	1	0.982758620689655	0.0884866413793104
0.943396226415094	0.981132075471698	1	0.981132075471698	0.0895119547169811
0.978260869565217	1	1	1	0.090670697826087
0.880952380952381	1	1	1	0.09147895
0.909090909090909	0.984848484848485	1	1	0.0923999303030303
0.976744186046512	1	1	1	0.0933822651162791
0.961538461538462	0.961538461538462	1	1	0.0945585346153846
0.982758620689655	0.982758620689655	1	1	0.0955480706896552
0.955555555555556	1	1	1	0.0965646533333333
0.95	0.975	0.975	0.975	0.0975864625
0.971428571428571	0.971428571428571	1	0.971428571428571	0.0984602485714286
0.926829268292683	1	1	1	0.0994738219512195
0.918918918918919	1	1	1	0.100487513513514
0.973684210526316	1	1	1	0.101454894736842
0.954545454545455	1	1	1	0.102479431818182
0.96875	1	1	1	0.10353421875
1	1	1	1	0.104474414634146
0.972972972972973	0.972972972972973	1	1	0.105498783783784
1	1	1	1	0.106399390243902
0.976744186046512	0.976744186046512	1	0.976744186046512	0.107404813953488
1	1	1	1	0.108481
0.947368421052632	1	1	1	0.109451552631579
0.975609756097561	0.975609756097561	1	1	0.110504073170732
0.956521739130435	0.978260869565217	0.978260869565217	0.978260869565217	0.111595391304348
0.933333333333333	1	1	1	0.112481266666667
1	1	1	1	0.113436259259259
0.921052631578947	1	1	1	0.114455789473684
0.939393939393939	1	1	1	0.115555787878788
0.976190476190476	1	1	1	0.116641428571429
1	1	1	1	0.117473257142857
1	1	1	1	0.118539571428571
0.958333333333333	0.958333333333333	1	1	0.119450833333333
0.945945945945946	1	1	1	0.120481243243243
0.941176470588235	0.970588235294118	1	1	0.121461117647059
0.956521739130435	1	1	1	0.122442608695652
0.975609756097561	1	1	1	0.123543975609756
1	1	1	1	0.124579620689655
0.971428571428571	1	1	1	0.1256072
1	1	1	1	0.126461428571429
0.96551724137931	1	1	1	0.12744724137931
1	1	1	1	0.12842572972973
0.931034482758621	0.96551724137931	1	1	0.129555137931034
0.96	1	1	1	0.13053924
0.96	1	1	1	0.1315438
1	1	1	1	0.132525384615385
0.925925925925926	0.925925925925926	0.962962962962963	0.962962962962963	0.133555851851852
1	1	1	1	0.134353586206897
0.916666666666667	0.958333333333333	1	1	0.135481
0.941176470588235	1	1	1	0.136556411764706
0.956521739130435	1	1	1	0.137540826086957
1	1	1	1	0.138589884615385
0.962962962962963	0.962962962962963	0.962962962962963	0.962962962962963	0.13951237037037
1	1	1	1	0.140421333333333
1	1	1	1	0.1413925
0.964285714285714	1	1	1	0.142460107142857
0.952380952380952	0.952380952380952	0.952380952380952	0.952380952380952	0.143494285714286
0.958333333333333	1	1	1	0.144486833333333
0.928571428571429	1	1	1	0.145505714285714
0.962962962962963	0.962962962962963	1	1	0.146615740740741
0.952380952380952	0.952380952380952	0.952380952380952	0.952380952380952	0.147464285714286
0.974358974358974	1	1	1	0.148415
0.92	1	1	1	0.14947712
0.95	1	1	1	0.1504116
0.909090909090909	0.954545454545455	0.954545454545455	1	0.151381227272727
1	1	1	1	0.152603666666667
0.958333333333333	1	1	1	0.153440833333333
1	1	1	1	0.154521586206897
1	1	1	1	0.155353235294118
1	1	1	1	0.156453842105263
0.947368421052632	1	1	1	0.157537210526316
0.95	1	1	0.95	0.1583986
1	1	1	1	0.159651823529412
0.9375	1	1	1	0.1605085
1	1	1	1	0.1614757
1	1	1	1	0.162459064516129
1	1	1	1	0.16338
0.941176470588235	1	1	1	0.164313470588235
0.941176470588235	1	1	1	0.165560764705882
1	1	1	1	0.166601238095238
0.964285714285714	1	1	1	0.16758825
1	1	1	1	0.168485
1	1	1	1	0.169529333333333
1	1	1	1	0.170414875
1	1	1	1	0.171606777777778
1	1	1	1	0.1724475
1	1	1	1	0.173587
1	1	1	1	0.174529409090909
1	1	1	1	0.175662578947368
0.947368421052632	1	1	1	0.176485894736842
0.9375	1	1	1	0.177452
0.952380952380952	0.952380952380952	1	1	0.178521
0.941176470588235	1	1	1	0.179388882352941
1	1	1	1	0.180527
0.923076923076923	1	1	1	0.181603615384615
1	1	1	1	0.182500764705882
1	1	1	1	0.183523444444444
0.941176470588235	1	1	1	0.184446941176471
1	1	1	1	0.185352777777778
0.941176470588235	0.941176470588235	0.941176470588235	1	0.186532705882353
1	1	1	1	0.187525739130435
1	1	1	1	0.188589333333333
1	1	1	1	0.1895456875
0.923076923076923	0.923076923076923	1	1	0.190550076923077
0.928571428571429	1	1	1	0.191363428571429
1	1	1	1	0.19244025
0.928571428571429	1	1	1	0.193407
0.9	0.9	0.9	0.9	0.19454675
0.954545454545455	1	1	1	0.195497727272727
1	1	1	1	0.196621625
1	1	1	1	0.197383111111111
1	1	1	1	0.198277307692308
1	1	1	1	0.199359909090909
1	1	1	1	0.200525692307692
1	1	1	1	0.201602461538462
1	1	1	1	0.202552375
1	1	1	1	0.20356475
1	1	1	1	0.204436692307692
1	1	1	1	0.205452818181818
1	1	1	1	0.206625142857143
1	0.909090909090909	1	1	0.207492909090909
1	1	1	1	0.208594705882353
0.9375	0.9375	0.9375	0.9375	0.2095309375
1	1	1	1	0.210649
1	1	1	1	0.211575666666667
1	1	1	1	0.212489181818182
1	1	1	1	0.213649272727273
1	1	1	1	0.214454363636364
1	1	1	1	0.215706
1	1	1	1	0.216632
1	1	1	1	0.217470235294118
1	1	1	1	0.2183685
1	1	1	1	0.219477777777778
1	1	1	1	0.22046555
1	1	1	1	0.221343142857143
1	1	1	1	0.222693538461538
1	1	1	1	0.22360025
1	1	1	1	0.224663833333333
0.833333333333333	0.833333333333333	0.833333333333333	0.833333333333333	0.225504166666667
1	1	1	1	0.2265952
1	1	1	1	0.227491692307692
1	1	1	1	0.228516272727273
1	1	1	1	0.22953525
1	1	1	1	0.230616222222222
1	1	1	1	0.231480866666667
0.923076923076923	1	1	1	0.2324
0.928571428571429	0.928571428571429	0.928571428571429	0.928571428571429	0.2334735
1	1	1	1	0.234474461538462
1	1	1	1	0.235480214285714
1	1	1	1	0.236517
1	1	1	1	0.2374776
1	1	1	1	0.238438444444444
1	1	1	1	0.239586272727273
1	1	1	1	0.240428
1	1	1	1	0.241560375
1	1	1	1	0.242452333333333
1	1	1	1	0.2434748
1	1	1	1	0.244442
1	1	1	1	0.2455535
1	1	1	1	0.246475125
1	1	1	1	0.247691857142857
1	1	1	1	0.248544285714286
0.9	0.9	0.9	0.9	0.249691
1	1	1	1	0.250463125
1	1	1	1	0.251509666666667
1	1	1	1	0.252779
1	0.8	1	1	0.253561
1	1	1	1	0.254441769230769
1	1	1	1	0.255455
0.875	1	1	1	0.25644575
1	1	1	1	0.257410666666667
1	1	1	1	0.2586455
1	1	1	1	0.2595308
1	1	1	1	0.260422
1	1	1	1	0.2614245
1	1	1	1	0.2624538
1	1	1	1	0.263460111111111
1	1	1	1	0.264374666666667
1	1	1	1	0.265449888888889
1	1	1	1	0.266570666666667
1	1	1	1	0.267531333333333
0.833333333333333	0.833333333333333	0.833333333333333	0.833333333333333	0.268423166666667
1	1	1	1	0.269335
1	1	1	1	0.2705644
1	1	1	1	0.271717
1	1	1	1	0.272608666666667
0.8	0.8	0.8	0.8	0.2736516
1	1	1	1	0.274393
1	1	1	1	0.275330444444444
1	1	1	1	0.2764513
1	1	1	1	0.277392142857143
1	1	1	1	0.278304
1	1	1	1	0.279450714285714
1	1	1	1	0.280685714285714
1	1	1	1	0.2814945
1	1	1	1	0.282214875
1	1	1	1	0.28342425
1	1	1	1	0.284361333333333
1	1	1	1	0.285743428571429
1	1	1	1	0.286606333333333
1	1	1	1	0.2876494
1	1	1	1	0.288596
0.888888888888889	1	1	1	0.289442444444444
0.8	1	1	1	0.2904488
1	1	1	1	0.291375
1	1	1	1	0.2925585
1	1	1	1	0.2936905
1	1	1	1	0.2945573
1	1	1	1	0.295801
1	1	1	1	0.296418
1	1	1	1	0.29724175
1	1	1	1	0.2987855
0.857142857142857	1	1	1	0.299506
0.8	1	1	1	0.3004938
1	1	1	1	0.3015234
1	1	1	1	0.302388
1	1	1	1	0.30352
1	1	1	1	0.304514666666667
1	1	1	1	0.3054755
1	1	1	1	0.306633625
1	1	1	1	0.307637
0.857142857142857	0.857142857142857	0.857142857142857	0.857142857142857	0.308651428571429
1	1	1	1	0.309181
1	1	1	1	0.310467
1	1	1	1	0.311297857142857
1	1	1	1	0.3126115
1	1	1	1	0.313915
0.833333333333333	1	1	1	0.314498333333333
1	1	1	1	0.315562
1	1	1	1	0.3164262
1	1	1	1	0.317448833333333
1	1	1	1	0.3184438
0.833333333333333	1	1	1	0.319267
1	1	1	1	0.320502333333333
1	1	1	1	0.321609142857143
0.833333333333333	1	1	1	0.322629333333333
1	1	1	1	0.323178
0.666666666666667	1	1	1	0.324687666666667
1	1	1	1	0.325442666666667
1	1	1	1	0.326471833333333
1	1	1	1	0.327466666666667
1	1	1	1	0.328633
1	1	1	1	0.329971
1	1	1	1	0.330846
1	1	1	1	0.331549333333333
1	1	1	1	0.332364
0.666666666666667	1	1	1	0.333333333333333
0.5	1	1	1	0.334911
1	1	1	1	0.335426
1	1	1	1	0.3366818
1	1	1	1	0.337536
1	1	1	1	0.338617
1	1	1	1	0.339749
1	1	1	1	0.3405514
1	1	1	1	0.341361333333333
1	1	1	1	0.342528
1	1	1	1	0.343763
1	1	1	1	0.34438
1	1	1	1	0.345478333333333
0.857142857142857	0.857142857142857	1	1	0.346497857142857
1	1	1	1	0.347468
1	1	1	1	0.348909
1	1	1	1	0.3497325
1	1	1	1	0.3505555
1	1	1	1	0.3512245
1	1	1	1	0.352614166666667
1	1	1	1	0.3535405
1	1	1	1	0.3544138
1	1	1	1	0.3555475
1	1	1	1	0.356937
1	1	1	1	0.358378
1	1	1	1	0.359407
1	1	1	1	0.360230666666667
1	1	1	1	0.361671
1	1	1	1	0.362338666666667
1	1	1	1	0.363627
1	1	1	1	0.364690333333333
1	1	1	1	0.36583975
1	1	1	1	0.3662
1	1	1	1	0.367641
1	1	1	1	0.368533
1	1	1	1	0.36944225
1	1	1	1	0.370626
1	1	1	1	0.371964
1	1	1	1	0.372993
1	1	1	1	0.374571333333333
0.75	0.75	0.75	1	0.37536
1	1	1	1	0.376698
1	1	1	1	0.37783
1	1	1	1	0.378757
1	1	1	1	0.379786
1	1	1	1	0.380403333333333
1	1	1	1	0.381227
1	1	1	1	0.382359
1	1	1	1	0.383285
1	1	1	1	0.384469
1	1	1	1	0.386373
1	1	1	1	0.387608
1	1	1	1	0.389461
0.666666666666667	1	1	1	0.390627333333333
1	1	1	1	0.3918074
1	1	1	1	0.392366333333333
0.75	1	1	1	0.39358525
1	1	1	1	0.3952245
1	1	1	1	0.396459333333333
1	1	1	1	0.397077
1	1	1	1	0.398827
1	1	1	1	0.399341
0.982035928143713	0.994011976047904	0.994011976047904	0.994011976047904	0.445910395209581
