n100	n200	n300	n400	n500	n1000	n2000	n3000	MAF
0.554088508468403	0.54904811667954	0.547002321664315	0.543261572072277	0.540621728642301	0.527070063694268	0.511589855467685	0.492571220864192	0.000205862003725749
0.867090237829484	0.854172015404365	0.848648648648649	0.841396465946131	0.835077186963979	0.802279739458348	0.758045190003424	0.729824561403509	0.0004117188610184
0.933281267432779	0.918834778741383	0.912302206373969	0.904979391778991	0.896513311796814	0.852292965271594	0.81054036024016	0.795530353569046	0.000617593417945297
0.962196577795464	0.944091990483743	0.937235169491525	0.927058512046598	0.918353844118036	0.884717080909572	0.858842188739096	0.875099127676447	0.000823435248215702
0.968414173685739	0.951412020275163	0.944287268770403	0.933860323446225	0.925770206596593	0.895625090540345	0.900362056480811	0.919695872556119	0.00112730294351919
0.9660671869698	0.944734625105307	0.939178915357324	0.928969124346212	0.918043844856661	0.899578770008425	0.934119629317607	0.931760741364785	0.00144101165290649
0.972593353888318	0.957330602491893	0.947377413292329	0.935941236761189	0.929827556769677	0.918586789554531	0.947943335040109	0.954770438641406	0.001646914447858
0.974786867404317	0.955720224109886	0.949701465532839	0.939399421128799	0.932163531114327	0.929513826134104	0.943791794686427	0.954093620097596	0.00185273928429423
0.976776611040913	0.954741098213121	0.94808303233387	0.942005655862519	0.937581557198782	0.943176383635494	0.965479761749489	0.971262119038303	0.00245760745663232
0.974218791874364	0.954625715661619	0.948070025161947	0.944866716625629	0.947238869863014	0.965755257103109	0.978811065332549	0.983145165605436	0.0034925520707368
0.975152952927956	0.958294428882664	0.956113047808765	0.954930278884462	0.95941235059761	0.975474634298164	0.984624961095549	0.98655462184874	0.00451367452225335
0.976925758103869	0.962839248434238	0.963743910925539	0.966527487821851	0.971468336812804	0.979053583855254	0.988169798190675	0.989144050104384	0.00554934271329158
0.976979363643838	0.963321572167063	0.967747230201067	0.970706490522688	0.97579387872323	0.985148108640355	0.990645770082875	0.990645770082875	0.00656965809140888
0.972658394641485	0.960960631648207	0.963702160324597	0.970939796030266	0.974448952736046	0.985086084000439	0.989362868735607	0.989801513323829	0.00750003724750521
0.97377400799454	0.964633671083398	0.974668745128605	0.975935307872175	0.979832424006235	0.987139516757599	0.989867498051442	0.990452065471551	0.00843241607268122
0.974220557452903	0.96567279128617	0.976455055561668	0.979975794916933	0.982066233909121	0.987567389151722	0.988997689514798	0.99020794366817	0.00947241573660469
0.975147786222705	0.968885672937771	0.976000964785335	0.98022190062711	0.982995658465991	0.988904968644477	0.990472744814279	0.992402315484805	0.0104700000120598
0.972534696859021	0.970519556333917	0.981319322825452	0.981319322825452	0.985259778166959	0.989054290718039	0.990805604203152	0.991535318155283	0.0115193242119089
0.971715055372643	0.97247980855519	0.98459467544122	0.985641639246186	0.988782530661083	0.991325157044571	0.992072988333832	0.991624289560275	0.0125453041130721
0.974932705248991	0.978809283551968	0.986713757147662	0.986209216279852	0.989741002354524	0.990918264379415	0.991590985536495	0.991927346115035	0.0135780230743357
0.974249797242498	0.985002026753141	0.988244831779489	0.988244831779489	0.989258208350223	0.991487636805837	0.993514389947304	0.993311714633158	0.0144927923186056
0.969749518304432	0.97996532460027	0.987863610094394	0.988056251204007	0.990175303409748	0.991523791177037	0.992679637834714	0.993835484492391	0.0154393062993643
0.975695119580012	0.980559875583204	0.987752721617418	0.989113530326594	0.990279937791602	0.990863141524106	0.99241835147745	0.993001555209953	0.016489153440902
0.976274944567628	0.981818181818182	0.987361419068736	0.989135254988914	0.989578713968958	0.990909090909091	0.991352549889135	0.990909090909091	0.0174831553880266
0.977950084807366	0.9859462078992	0.989823116064938	0.991034649866731	0.991761570147807	0.993942330991035	0.995153864792828	0.994911558032469	0.018517488030046
0.979625101874491	0.980168432491171	0.987231730508014	0.989948383591415	0.991850040749796	0.993480032599837	0.993208367291497	0.991850040749796	0.0195513797881011
0.979946918313182	0.984075493954586	0.989973459156591	0.992627543497493	0.993807136537894	0.992922441757594	0.993512238277794	0.994396933058095	0.02057921695665
0.980783444198078	0.985957132298596	0.993717664449372	0.99150036954915	0.993717664449372	0.994456762749446	0.997043606799704	0.995934959349594	0.021498625646711
0.985488958990536	0.985178177231157	0.990539262062441	0.990223904131189	0.990223904131189	0.992116051718701	0.993062125512457	0.993062125512457	0.0224344534216336
0.981660899653979	0.98719723183391	0.994117647058824	0.995501730103806	0.994117647058824	0.994809688581315	0.997231833910035	0.995847750865052	0.0234773375778547
0.985074626865672	0.992181947405828	0.992537313432836	0.993248045486851	0.994314143567875	0.993958777540867	0.994314143567875	0.994314143567875	0.0244724692608387
0.984060721062619	0.991650853889943	0.994686907020873	0.994307400379507	0.994307400379507	0.994307400379507	0.996204933586338	0.996204933586338	0.0255120785958254
0.990388633514417	0.994985374007522	0.994567488508149	0.996656916005015	0.997074801504388	0.996239030505641	0.996656916005015	0.996239030505641	0.0265586748432929
0.980458793542906	0.994052676295667	0.994477485131691	0.995327102803738	0.996176720475786	0.997451146983857	0.99660152931181	0.99660152931181	0.0275720085811385
0.987654320987654	0.994095544820182	0.997852925389157	0.996779388083736	0.995169082125604	0.997316156736447	0.996779388083736	0.997852925389157	0.0284979143853999
0.985342789598109	0.991016548463357	0.996217494089835	0.995744680851064	0.994326241134752	0.994799054373522	0.995271867612293	0.996217494089835	0.0294180665248227
0.987833411324286	0.99157697707066	0.994852597098737	0.99438465138044	0.99578848853533	0.996256434253627	0.995320542817033	0.995320542817033	0.0304543941506785
0.989005235602094	0.995811518324607	0.996335078534031	0.995287958115183	0.996858638743455	0.99738219895288	0.99738219895288	0.99738219895288	0.0314931814136126
0.988733905579399	0.989270386266094	0.991952789699571	0.993025751072961	0.993562231759657	0.992489270386266	0.994098712446352	0.994098712446352	0.0325551424892704
0.986254295532646	0.994845360824742	0.994845360824742	0.995418098510882	0.995990836197022	0.996563573883162	0.997136311569301	0.997709049255441	0.0335533915234822
0.994912379875636	0.994347088750707	0.996608253250424	0.994912379875636	0.995477671000565	0.996042962125495	0.994912379875636	0.995477671000565	0.0345741941775014
0.987822349570201	0.994985673352435	0.996418338108882	0.996418338108882	0.996418338108882	0.997134670487106	0.997134670487106	0.997134670487106	0.0355088851002865
0.98948060486522	0.991452991452991	0.99474030243261	0.996055226824458	0.995397764628534	0.994082840236686	0.995397764628534	0.99474030243261	0.036417795200526
0.990765171503958	0.994722955145119	0.996701846965699	0.997361477572559	0.997361477572559	0.997361477572559	0.997361477572559	0.997361477572559	0.037467032651715
0.995317725752508	0.991304347826087	0.993311036789298	0.993979933110368	0.993979933110368	0.995317725752508	0.995317725752508	0.995317725752508	0.0384911871571906
0.991808873720136	0.994539249146758	0.997269624573379	0.996587030716723	0.996587030716723	0.995904436860068	0.995904436860068	0.996587030716723	0.0394968838225256
0.990602975724354	0.992169146436962	0.994518402505873	0.995301487862177	0.996084573218481	0.996084573218481	0.995301487862177	0.996084573218481	0.0405540574001566
0.995753715498938	0.997169143665959	0.995046001415428	0.994338287331918	0.995753715498938	0.996461429582449	0.997169143665959	0.997169143665959	0.0415696652512385
0.991388589881593	0.994617868675996	0.993541442411195	0.993541442411195	0.992465016146394	0.996770721205597	0.995694294940797	0.995694294940797	0.0425095210979548
0.99906103286385	0.994366197183099	0.997183098591549	0.997183098591549	0.997183098591549	0.996244131455399	0.99906103286385	0.99906103286385	0.0434150790610329
0.994708994708995	0.995590828924162	0.997354497354497	0.998236331569665	0.998236331569665	0.997354497354497	0.999118165784832	0.999118165784832	0.044474299382716
0.991796554552912	0.995077932731747	0.995077932731747	0.995077932731747	0.995898277276456	0.997538966365874	0.998359310910582	0.998359310910582	0.0454831561936013
0.992886178861789	0.991869918699187	0.995934959349594	0.995934959349594	0.997967479674797	0.995934959349594	0.995934959349594	0.995934959349594	0.046517244004065
0.997126436781609	0.998084291187739	0.998084291187739	0.998084291187739	0.998084291187739	0.998084291187739	0.998084291187739	0.998084291187739	0.0475459383141762
0.995884773662551	0.997942386831276	0.997942386831276	0.997942386831276	0.996913580246914	0.998971193415638	0.998971193415638	0.998971193415638	0.0485799483539095
0.998719590268886	1	1	1	1	1	1	1	0.0494852051216389
0.995939086294416	0.996954314720812	0.996954314720812	0.996954314720812	0.996954314720812	0.995939086294416	0.995939086294416	0.995939086294416	0.0504208196954315
0.993677555321391	0.995785036880927	0.998946259220232	0.998946259220232	0.998946259220232	0.998946259220232	0.998946259220232	0.998946259220232	0.051457958166491
0.992134831460674	0.995505617977528	0.996629213483146	0.996629213483146	0.996629213483146	0.998876404494382	0.998876404494382	0.998876404494382	0.0524934424719101
0.995014955134596	0.996011964107677	0.996011964107677	0.996011964107677	0.997008973080758	0.997008973080758	0.998005982053839	0.998005982053839	0.0535073919242273
0.998868778280543	0.997737556561086	0.997737556561086	0.997737556561086	0.997737556561086	0.998868778280543	0.998868778280543	0.998868778280543	0.0545402669683258
0.994838709677419	0.993548387096774	0.994838709677419	0.994838709677419	0.996129032258064	0.996129032258064	0.996129032258064	0.996129032258064	0.055571596516129
0.996557659208262	0.996557659208262	0.998278829604131	0.998278829604131	0.996557659208262	0.996557659208262	0.996557659208262	0.996557659208262	0.0565138075731497
0.994666666666667	0.994666666666667	0.994666666666667	0.994666666666667	0.994666666666667	0.994666666666667	0.994666666666667	0.994666666666667	0.0574320957333333
0.997458703939009	0.994917407878018	0.996188055908513	0.997458703939009	0.997458703939009	0.997458703939009	0.997458703939009	0.997458703939009	0.0584664512071156
0.99741935483871	0.998709677419355	0.998709677419355	0.998709677419355	0.998709677419355	0.998709677419355	0.998709677419355	0.998709677419355	0.0594963409032258
0.994026284348865	0.995221027479092	0.995221027479092	0.997610513739546	0.997610513739546	0.998805256869773	0.997610513739546	0.998805256869773	0.0605529025089606
0.997058823529412	0.994117647058824	0.994117647058824	0.995588235294118	0.997058823529412	0.998529411764706	0.994117647058824	0.998529411764706	0.0615429327941176
1	1	1	1	1	1	1	1	0.0625568989056088
1	0.997777777777778	1	1	0.997777777777778	1	1	1	0.063502398
0.996884735202492	0.993769470404984	0.998442367601246	0.998442367601246	0.998442367601246	0.998442367601246	0.998442367601246	0.998442367601246	0.0644396543613707
1	1	1	1	1	1	1	1	0.0654276053291536
0.994616419919246	0.995962314939435	0.997308209959623	0.997308209959623	0.997308209959623	0.998654104979812	0.998654104979812	0.997308209959623	0.0664768119784657
1	1	1	1	1	0.998477929984779	0.998477929984779	1	0.0675097383561644
1	1	1	1	1	1	1	1	0.0685810934936351
0.998500749625187	0.998500749625187	1	0.998500749625187	0.998500749625187	0.998500749625187	1	1	0.0695412356821589
0.995488721804511	0.995488721804511	0.996992481203008	0.995488721804511	0.996992481203008	0.996992481203008	0.996992481203008	0.996992481203008	0.0705078106766917
0.998655913978495	0.998655913978495	0.998655913978495	0.997311827956989	0.997311827956989	0.997311827956989	0.997311827956989	0.997311827956989	0.0713994962365591
0.997058823529412	0.997058823529412	0.997058823529412	0.997058823529412	0.998529411764706	0.998529411764706	0.998529411764706	0.998529411764706	0.0724667117647059
0.997229916897507	0.997229916897507	0.998614958448753	0.997229916897507	0.997229916897507	0.998614958448753	0.998614958448753	0.998614958448753	0.0735180069252078
1	0.997194950911641	1	1	1	1	1	1	0.0745214223001402
1	0.998425196850394	1	1	1	1	1	1	0.0755179020472441
0.995283018867924	0.995283018867924	0.993710691823899	0.995283018867924	0.995283018867924	0.995283018867924	0.995283018867924	0.995283018867924	0.0765597632075472
1	1	1	1	1	1	1	1	0.0775286366609294
1	1	1	1	1	1	1	1	0.0784331073051948
0.99236641221374	1	1	1	1	1	1	1	0.0794857441221374
0.996865203761755	0.996865203761755	0.996865203761755	0.996865203761755	0.996865203761755	0.998432601880878	0.998432601880878	0.998432601880878	0.0805127402821317
0.998357963875205	0.998357963875205	0.998357963875205	0.998357963875205	0.998357963875205	0.998357963875205	0.998357963875205	0.998357963875205	0.0814835630541872
0.998158379373849	0.998158379373849	0.998158379373849	0.996316758747698	0.996316758747698	0.996316758747698	0.996316758747698	0.996316758747698	0.0825454167587477
0.996551724137931	1	1	1	1	1	1	1	0.0835462672413793
0.995918367346939	0.997959183673469	0.997959183673469	0.997959183673469	0.997959183673469	0.997959183673469	0.997959183673469	0.997959183673469	0.0845114006122449
0.9952	0.9952	0.9952	0.9984	0.9984	0.9984	0.9984	0.9984	0.08541164544
0.998296422487223	0.998296422487223	0.998296422487223	0.996592844974446	0.998296422487223	0.998296422487223	0.998296422487223	0.998296422487223	0.086455694548552
1	1	1	1	1	1	1	1	0.0874874375494071
0.99625468164794	0.99625468164794	0.99625468164794	0.99625468164794	0.99625468164794	0.99625468164794	0.99625468164794	0.99812734082397	0.0885148838951311
0.998236331569665	0.998236331569665	0.99647266313933	0.99647266313933	0.99647266313933	0.998236331569665	0.998236331569665	0.998236331569665	0.0895323888888889
0.99390243902439	0.995934959349594	0.995934959349594	0.995934959349594	0.995934959349594	0.995934959349594	0.995934959349594	0.995934959349594	0.0905378266260163
1	1	1	1	1	1	1	1	0.0914823961797753
0.998376623376623	0.998376623376623	0.996753246753247	0.996753246753247	0.996753246753247	0.996753246753247	0.996753246753247	0.996753246753247	0.0924277246753247
0.998522895125554	0.998522895125554	0.998522895125554	0.998522895125554	0.998522895125554	0.998522895125554	0.998522895125554	0.998522895125554	0.0934941382570162
0.996805111821086	0.996805111821086	0.996805111821086	0.996805111821086	0.996805111821086	0.996805111821086	0.996805111821086	0.996805111821086	0.0944844282747604
0.998046875	0.998046875	0.998046875	0.998046875	0.998046875	0.998046875	0.998046875	0.998046875	0.095544826171875
0.994983277591973	0.994983277591973	0.994983277591973	0.994983277591973	0.994983277591973	0.994983277591973	0.994983277591973	0.994983277591973	0.096540997993311
0.996521739130435	0.996521739130435	0.996521739130435	0.996521739130435	0.996521739130435	0.996521739130435	0.996521739130435	0.996521739130435	0.0976049796521739
1	1	1	0.997474747474748	0.997474747474748	0.997474747474748	1	1	0.0984964295454545
1	1	1	1	1	1	1	1	0.0994379252475247
1	1	1	1	1	1	1	1	0.100445106382979
0.99601593625498	0.99800796812749	0.99800796812749	0.99800796812749	0.99800796812749	0.99800796812749	0.99800796812749	0.99800796812749	0.101482756972112
0.99820788530466	0.99820788530466	0.99820788530466	0.99820788530466	0.99820788530466	0.99820788530466	0.99820788530466	0.99820788530466	0.102497492831541
0.994957983193277	0.994957983193277	0.994957983193277	0.994957983193277	0.994957983193277	0.994957983193277	0.994957983193277	0.994957983193277	0.103547478991597
0.997690531177829	0.997690531177829	0.997690531177829	0.997690531177829	0.997690531177829	0.997690531177829	0.997690531177829	0.997690531177829	0.104541900692841
1	1	1	1	1	1	1	1	0.105509745679012
0.998248686514886	0.998248686514886	0.998248686514886	0.998248686514886	0.998248686514886	0.998248686514886	0.998248686514886	0.998248686514886	0.106410807355517
0.995735607675906	0.995735607675906	0.995735607675906	0.995735607675906	0.995735607675906	0.995735607675906	0.995735607675906	0.995735607675906	0.107447765458422
1	1	1	1	1	1	1	1	0.108463230483271
1	0.997995991983968	1	1	1	1	1	1	0.109515184368737
1	1	1	1	1	1	1	1	0.110535642990654
0.998211091234347	0.998211091234347	0.998211091234347	0.998211091234347	0.998211091234347	0.998211091234347	0.998211091234347	0.998211091234347	0.111576277280859
1	1	1	1	1	1	1	1	0.112485113785558
1	1	1	1	1	1	1	1	0.113397438834951
1	1	1	1	1	1	1	1	0.114432396995708
1	1	1	1	1	1	1	1	0.115508386036961
1	1	1	1	1	1	1	1	0.116546816115702
1	1	1	1	1	1	1	1	0.117563667355372
0.997872340425532	0.997872340425532	0.997872340425532	0.997872340425532	0.997872340425532	0.997872340425532	0.997872340425532	0.997872340425532	0.118571076595745
0.997619047619048	0.997619047619048	0.997619047619048	0.997619047619048	0.997619047619048	0.997619047619048	0.997619047619048	0.997619047619048	0.119507169047619
1	1	1	1	1	1	1	1	0.120403395537525
0.99581589958159	0.99581589958159	0.99581589958159	0.99581589958159	0.99581589958159	0.99581589958159	0.99581589958159	0.99581589958159	0.121439223849372
1	1	1	1	1	1	1	1	0.12247382
1	1	1	1	1	1	1	1	0.123528675675676
1	1	1	1	1	1	1	1	0.124519504545455
1	1	1	1	1	1	1	1	0.125585741935484
1	1	1	1	1	0.997050147492625	0.997050147492625	0.997050147492625	0.126460640117994
1	1	1	1	1	1	1	1	0.127421858942065
1	1	1	1	1	1	1	1	0.128464904076739
0.997474747474748	0.997474747474748	0.997474747474748	0.997474747474748	0.997474747474748	0.997474747474748	0.997474747474748	0.997474747474748	0.129463522727273
1	1	1	1	1	1	1	1	0.130491442352941
1	0.997389033942559	0.997389033942559	1	1	1	1	1	0.131530984334204
0.997872340425532	0.997872340425532	0.997872340425532	0.997872340425532	0.997872340425532	0.997872340425532	0.997872340425532	0.997872340425532	0.13255724893617
0.997252747252747	0.997252747252747	0.997252747252747	0.997252747252747	0.997252747252747	0.997252747252747	0.997252747252747	0.997252747252747	0.133494326923077
1	1	1	1	1	1	1	1	0.134440825986079
1	1	1	1	1	1	1	1	0.135440853598015
1	1	1	1	1	1	1	1	0.136495972772277
1	1	1	1	1	1	1	1	0.137523110192837
1	1	1	1	1	1	1	1	0.138525186157518
1	1	1	1	1	1	1	1	0.139550004683841
0.997126436781609	0.997126436781609	0.997126436781609	0.997126436781609	0.997126436781609	0.997126436781609	0.997126436781609	0.997126436781609	0.140489146551724
1	1	1	1	1	1	1	1	0.1414591875
1	1	1	1	1	1	1	1	0.142426534653465
0.997354497354497	0.997354497354497	0.997354497354497	0.997354497354497	0.997354497354497	0.997354497354497	0.997354497354497	0.997354497354497	0.143492804232804
0.997222222222222	0.997222222222222	0.997222222222222	1	1	0.997222222222222	0.997222222222222	0.997222222222222	0.144545463888889
1	1	1	1	1	1	1	1	0.14550298488665
1	1	1	1	1	1	1	1	0.146569375342466
0.996732026143791	0.996732026143791	0.996732026143791	0.996732026143791	0.996732026143791	0.996732026143791	0.996732026143791	0.996732026143791	0.147495653594771
1	0.996805111821086	1	0.996805111821086	1	0.996805111821086	0.996805111821086	1	0.148446696485623
1	1	1	1	1	1	1	1	0.149444479452055
0.996875	0.996875	1	1	1	1	1	1	0.1504943125
1	1	1	1	1	1	1	1	0.151442182464455
0.996865203761755	0.996865203761755	0.996865203761755	0.996865203761755	0.996865203761755	0.996865203761755	0.996865203761755	0.996865203761755	0.152543987460815
1	1	1	1	1	1	1	1	0.153532925110132
0.996884735202492	0.996884735202492	1	1	1	1	1	1	0.154474255451713
0.991847826086957	0.991847826086957	0.991847826086957	0.991847826086957	0.991847826086957	0.991847826086957	0.991847826086957	0.991847826086957	0.155431285326087
0.996904024767802	0.996904024767802	0.996904024767802	0.996904024767802	0.996904024767802	0.996904024767802	0.996904024767802	0.996904024767802	0.156455120743034
1	1	1	1	1	1	1	1	0.157444895348837
0.997041420118343	0.997041420118343	0.997041420118343	0.997041420118343	0.997041420118343	0.997041420118343	0.997041420118343	0.997041420118343	0.158508656804734
0.996774193548387	0.996774193548387	0.996774193548387	0.996774193548387	0.996774193548387	0.996774193548387	0.996774193548387	0.996774193548387	0.159493674193548
0.997647058823529	0.997647058823529	0.997647058823529	0.997647058823529	0.997647058823529	0.997647058823529	0.997647058823529	0.997647058823529	0.160534927058824
1	1	1	1	1	1	1	1	0.161484494736842
1	1	1	1	1	1	1	1	0.162384109693878
0.997368421052632	0.997368421052632	0.997368421052632	0.997368421052632	0.997368421052632	0.997368421052632	0.997368421052632	0.997368421052632	0.163465807894737
0.997005988023952	0.997005988023952	0.997005988023952	0.997005988023952	0.997005988023952	0.997005988023952	0.997005988023952	0.997005988023952	0.164468425149701
1	1	1	1	1	1	1	1	0.165531068571429
0.995316159250585	0.995316159250585	0.995316159250585	0.995316159250585	0.995316159250585	0.995316159250585	0.995316159250585	0.995316159250585	0.166551831381733
0.990881458966565	0.990881458966565	0.990881458966565	0.990881458966565	0.990881458966565	0.990881458966565	0.990881458966565	0.990881458966565	0.167587267477204
0.997206703910615	0.994413407821229	0.994413407821229	0.991620111731844	0.994413407821229	0.994413407821229	0.994413407821229	0.994413407821229	0.168533851955307
0.996913580246914	0.993827160493827	0.993827160493827	0.996913580246914	0.993827160493827	0.993827160493827	0.996913580246914	0.996913580246914	0.169515265432099
1	1	1	1	1	1	1	1	0.170472225543478
1	1	1	1	1	1	1	1	0.171469508982036
0.996845425867508	0.996845425867508	0.996845425867508	0.996845425867508	0.996845425867508	0.996845425867508	0.996845425867508	0.996845425867508	0.172511359621451
0.997175141242938	1	0.997175141242938	0.997175141242938	0.997175141242938	0.997175141242938	0.997175141242938	0.997175141242938	0.173511751412429
1	1	1	1	1	1	1	1	0.174571133757962
1	1	1	1	1	1	1	1	0.175580119863014
1	1	1	1	1	1	1	1	0.176547384057971
1	1	1	1	1	1	1	1	0.177458433526012
0.996913580246914	0.996913580246914	0.996913580246914	0.996913580246914	0.996913580246914	0.996913580246914	0.996913580246914	0.996913580246914	0.178426179012346
0.997183098591549	0.997183098591549	0.997183098591549	0.997183098591549	0.997183098591549	0.997183098591549	0.997183098591549	0.997183098591549	0.179480022535211
1	1	1	1	1	1	1	1	0.180553471299094
0.994202898550725	0.994202898550725	0.994202898550725	0.994202898550725	0.994202898550725	0.994202898550725	0.994202898550725	0.994202898550725	0.181567791304348
1	0.997481108312343	1	1	1	1	1	1	0.182556594458438
1	1	1	1	1	1	1	1	0.183532811715481
1	1	1	1	1	1	1	1	0.184437832446809
1	1	1	1	1	1	1	1	0.185452036764706
1	1	1	1	1	1	1	1	0.186513304477612
0.994475138121547	0.997237569060773	0.997237569060773	0.997237569060773	0.997237569060773	0.997237569060773	0.997237569060773	0.997237569060773	0.187512309392265
1	1	1	1	1	1	1	1	0.188553709876543
0.996941896024465	0.996941896024465	0.996941896024465	0.996941896024465	0.996941896024465	0.996941896024465	0.996941896024465	0.996941896024465	0.189608920489297
0.996124031007752	0.996124031007752	0.996124031007752	0.996124031007752	0.996124031007752	0.996124031007752	0.996124031007752	0.996124031007752	0.19050146124031
0.996363636363636	0.996363636363636	1	0.996363636363636	0.996363636363636	1	1	1	0.191420647272727
1	1	1	1	1	1	1	1	0.1924908625
1	1	1	1	1	1	1	1	0.193496317919075
0.99622641509434	0.99622641509434	0.99622641509434	0.99622641509434	0.99622641509434	0.99622641509434	0.99622641509434	0.99622641509434	0.194521543396226
1	1	1	1	1	1	1	1	0.195573288590604
1	1	1	1	1	1	1	1	0.196552469230769
1	1	1	1	1	1	1	1	0.197496023622047
0.99645390070922	1	1	1	1	1	1	1	0.198414209219858
1	1	1	1	1	1	1	1	0.199457498168498
1	1	1	1	1	1	1	1	0.200526714285714
1	1	1	1	1	1	0.996363636363636	0.996363636363636	0.201497854545455
1	1	1	1	1	1	1	1	0.20254959752322
1	1	1	1	1	1	1	1	0.203511628676471
1	1	1	1	1	1	1	1	0.20448429296875
1	1	1	1	1	1	1	1	0.205430046920821
0.997191011235955	0.997191011235955	0.997191011235955	0.997191011235955	0.997191011235955	0.997191011235955	0.997191011235955	0.997191011235955	0.206443460674157
1	1	1	1	1	1	1	1	0.207567808441558
1	1	1	1	1	1	1	1	0.20851670625
1	0.997041420118343	0.997041420118343	0.997041420118343	1	0.997041420118343	0.997041420118343	0.997041420118343	0.209566784023669
0.996763754045307	0.996763754045307	0.996763754045307	0.996763754045307	0.996763754045307	0.996763754045307	0.996763754045307	0.996763754045307	0.210575006472492
1	1	1	1	1	1	1	1	0.211500136546185
1	1	1	1	1	1	1	1	0.212419181818182
0.994505494505495	0.994505494505495	0.994505494505495	0.994505494505495	0.994505494505495	0.994505494505495	0.991758241758242	0.991758241758242	0.213455881868132
1	1	1	1	1	1	1	1	0.214477220588235
1	1	1	1	1	1	1	1	0.215504
0.983673469387755	0.983673469387755	0.983673469387755	0.983673469387755	0.983673469387755	0.983673469387755	0.983673469387755	0.983673469387755	0.216491889795918
1	1	1	1	1	1	1	1	0.217592054263566
1	1	1	1	1	1	1	1	0.218472865671642
0.99604743083004	0.99604743083004	0.99604743083004	0.99604743083004	0.99604743083004	0.99604743083004	0.99604743083004	0.99604743083004	0.219444782608696
0.996031746031746	0.996031746031746	0.996031746031746	0.996031746031746	0.996031746031746	0.996031746031746	0.996031746031746	0.996031746031746	0.220459829365079
0.995934959349594	0.995934959349594	0.995934959349594	0.995934959349594	0.995934959349594	0.995934959349594	0.995934959349594	0.995934959349594	0.221516422764228
0.995884773662551	0.995884773662551	0.995884773662551	0.995884773662551	0.995884773662551	0.995884773662551	0.995884773662551	0.995884773662551	0.222517012345679
1	1	1	1	1	1	1	1	0.22350679661017
0.997222222222222	0.997222222222222	0.997222222222222	0.997222222222222	0.997222222222222	0.997222222222222	0.997222222222222	0.997222222222222	0.224563847222222
0.995412844036697	0.995412844036697	0.995412844036697	0.995412844036697	0.995412844036697	0.995412844036697	0.995412844036697	0.995412844036697	0.225508660550459
1	1	1	1	1	1	1	1	0.226420577464789
0.996124031007752	0.992248062015504	0.992248062015504	0.996124031007752	0.996124031007752	0.996124031007752	0.996124031007752	0.996124031007752	0.227479751937985
0.993650793650794	0.993650793650794	0.993650793650794	0.993650793650794	0.993650793650794	0.993650793650794	0.993650793650794	0.993650793650794	0.228461177777778
0.996527777777778	0.996527777777778	1	0.996527777777778	1	1	1	1	0.229514524305556
1	1	1	0.997566909975669	1	1	1	1	0.230499693430657
0.995901639344262	0.995901639344262	0.995901639344262	0.995901639344262	0.995901639344262	0.995901639344262	0.995901639344262	0.995901639344262	0.231531676229508
0.991111111111111	0.991111111111111	0.991111111111111	0.991111111111111	0.991111111111111	0.991111111111111	0.991111111111111	0.991111111111111	0.232551297777778
1	1	1	1	1	1	1	1	0.233458511945392
1	1	1	1	1	1	1	1	0.234428667785235
1	1	1	1	1	1	1	1	0.235505240963855
1	1	1	1	1	1	1	1	0.236509695205479
0.99601593625498	0.99203187250996	0.99601593625498	0.99601593625498	0.99601593625498	0.99601593625498	0.99601593625498	0.99601593625498	0.237522848605578
1	1	1	1	1	1	1	1	0.238599818867925
1	1	1	1	1	1	1	1	0.239484941176471
1	1	1	1	1	1	1	1	0.240442748
0.995670995670996	0.995670995670996	0.995670995670996	0.995670995670996	0.995670995670996	0.995670995670996	0.995670995670996	0.995670995670996	0.241488571428571
1	1	1	1	1	1	1	1	0.242534557251908
0.995433789954338	1	1	1	1	1	1	1	0.243492132420091
1	1	1	1	1	1	1	1	0.244485214285714
0.995098039215686	0.995098039215686	0.995098039215686	0.995098039215686	0.995098039215686	0.995098039215686	1	1	0.245559774509804
1	1	1	1	1	1	1	1	0.246515214953271
1	1	1	1	1	1	1	1	0.247436673469388
1	1	1	1	1	1	1	1	0.24847464953271
0.996688741721854	0.996688741721854	0.996688741721854	0.996688741721854	0.996688741721854	0.996688741721854	0.996688741721854	0.996688741721854	0.249550440397351
1	1	1	1	1	1	1	1	0.250553604026846
1	1	1	1	1	1	1	1	0.251532238095238
1	1	1	1	1	1	1	1	0.252589330065359
1	1	1	1	1	1	1	1	0.253500815286624
1	1	1	1	1	1	1	1	0.254397425
1	1	1	1	1	1	1	1	0.25544982300885
1	1	1	1	1	1	1	1	0.256498387096774
1	1	1	1	1	1	1	1	0.257515220973783
1	1	1	1	1	1	1	1	0.258509883636364
1	1	1	1	1	1	1	1	0.259543435483871
0.994444444444444	0.994444444444444	0.994444444444444	0.994444444444444	0.994444444444444	0.994444444444444	0.994444444444444	0.994444444444444	0.260514055555556
1	1	1	1	1	1	1	1	0.261398505300353
1	1	1	1	1	1	1	1	0.262483018867925
0.996197718631179	0.996197718631179	0.996197718631179	0.996197718631179	0.996197718631179	0.996197718631179	0.996197718631179	0.996197718631179	0.263537053231939
0.995670995670996	0.995670995670996	0.995670995670996	0.995670995670996	0.995670995670996	0.995670995670996	0.995670995670996	0.995670995670996	0.264505597402597
1	1	1	1	1	1	1	1	0.265556828897338
0.99625468164794	0.99625468164794	0.99625468164794	0.99625468164794	0.99625468164794	0.99625468164794	0.99625468164794	0.99625468164794	0.266561617977528
1	1	1	1	1	1	1	1	0.267521753191489
0.996732026143791	0.996732026143791	0.996732026143791	0.996732026143791	0.996732026143791	0.996732026143791	0.996732026143791	0.996732026143791	0.268409369281046
1	1	1	1	1	1	1	1	0.269458916030534
0.996428571428571	0.996428571428571	0.996428571428571	0.996428571428571	0.996428571428571	0.996428571428571	0.996428571428571	0.996428571428571	0.270509346428571
1	0.995726495726496	0.995726495726496	0.995726495726496	1	0.995726495726496	0.995726495726496	0.995726495726496	0.271482841880342
1	1	1	1	1	1	1	1	0.272540715909091
1	1	1	1	1	1	1	1	0.273569627118644
0.992805755395683	0.992805755395683	0.992805755395683	0.992805755395683	0.992805755395683	0.992805755395683	0.992805755395683	0.992805755395683	0.274515374100719
0.993769470404984	0.993769470404984	0.993769470404984	0.993769470404984	0.993769470404984	0.993769470404984	0.993769470404984	0.993769470404984	0.275429604361371
1	1	1	1	1	1	1	1	0.276477364754098
1	1	1	1	1	1	1	1	0.277478995850622
1	1	1	1	1	1	1	1	0.278463400881057
1	1	1	1	1	1	1	1	0.279553903669725
1	1	1	1	1	1	1	1	0.280589738181818
1	1	1	1	1	1	1	1	0.281482672794118
0.996815286624204	0.996815286624204	0.996815286624204	0.996815286624204	0.996815286624204	0.996815286624204	0.996815286624204	0.996815286624204	0.282444592356688
0.99622641509434	0.99622641509434	0.99622641509434	0.99622641509434	0.99622641509434	0.99622641509434	0.99622641509434	0.99622641509434	0.283412618867925
0.996794871794872	0.996794871794872	0.996794871794872	0.996794871794872	0.996794871794872	0.996794871794872	0.996794871794872	0.996794871794872	0.284386272435897
0.996539792387543	0.996539792387543	0.996539792387543	0.996539792387543	0.996539792387543	0.996539792387543	0.996539792387543	0.996539792387543	0.285530252595156
1	1	1	1	1	1	1	1	0.286527573643411
1	1	1	1	1	1	1	1	0.287565386029412
1	1	1	1	1	1	1	1	0.288488368131868
1	1	1	1	1	1	1	1	0.28942397107438
1	1	1	1	1	1	1	1	0.290441887218045
1	1	1	1	1	1	1	1	0.291450737089202
1	1	1	1	1	1	1	1	0.292479261083744
1	1	1	1	1	1	1	1	0.293530871111111
1	1	1	1	1	1	1	1	0.294590111553785
1	1	1	1	1	1	1	1	0.295517268722467
1	1	1	1	1	1	1	1	0.296403524904215
0.995901639344262	0.995901639344262	0.995901639344262	0.995901639344262	0.995901639344262	0.995901639344262	0.995901639344262	0.995901639344262	0.297436303278689
1	1	1	1	1	1	1	1	0.298513703389831
1	1	1	1	1	1	1	1	0.299530119402985
1	0.996240601503759	1	1	1	1	1	1	0.300535078947368
1	1	1	1	1	1	1	1	0.301549856521739
1	1	1	1	1	1	1	1	0.302465638095238
0.9957805907173	1	1	1	1	1	1	1	0.303435261603376
0.99604743083004	0.99604743083004	0.99604743083004	0.99604743083004	0.99604743083004	0.99604743083004	0.99604743083004	0.99604743083004	0.304407703557312
1	1	1	1	1	1	1	1	0.305480228310502
0.99609375	1	1	1	1	1	1	1	0.306537765625
1	1	1	1	1	1	1	1	0.30752098630137
1	1	1	1	1	1	1	1	0.30853769124424
0.994505494505495	0.994505494505495	0.994505494505495	0.994505494505495	0.994505494505495	0.994505494505495	0.994505494505495	0.994505494505495	0.309496642857143
1	1	1	1	1	1	1	1	0.3104274784689
1	1	1	1	1	1	1	1	0.311492993464052
1	1	1	1	1	1	1	1	0.312451479400749
1	1	1	0.995433789954338	0.995433789954338	0.995433789954338	0.995433789954338	0.995433789954338	0.31348394977169
0.995918367346939	0.995918367346939	0.995918367346939	0.995918367346939	0.995918367346939	0.995918367346939	0.995918367346939	0.995918367346939	0.314544995918367
1	1	1	1	1	1	1	1	0.315563880952381
0.995867768595041	0.995867768595041	0.991735537190083	0.991735537190083	0.991735537190083	0.991735537190083	0.991735537190083	0.995867768595041	0.316468289256198
1	1	1	1	1	1	1	1	0.3174275
1	1	1	1	1	1	1	1	0.318462
1	1	1	1	1	1	1	1	0.319445932735426
1	1	1	1	1	1	1	1	0.320465523076923
0.996124031007752	0.996124031007752	0.996124031007752	0.996124031007752	0.996124031007752	0.996124031007752	0.996124031007752	0.996124031007752	0.321517310077519
0.996815286624204	0.996815286624204	0.996815286624204	0.996815286624204	0.996815286624204	0.996815286624204	0.996815286624204	0.996815286624204	0.322581859872611
1	1	1	1	1	1	1	1	0.323453643979058
0.991266375545852	0.991266375545852	0.991266375545852	0.991266375545852	0.991266375545852	0.991266375545852	0.991266375545852	0.991266375545852	0.324427510917031
1	1	1	1	1	1	1	1	0.325438716894977
0.994594594594595	0.994594594594595	0.994594594594595	0.994594594594595	0.994594594594595	0.994594594594595	0.994594594594595	0.994594594594595	0.326488962162162
1	1	1	1	1	1	1	1	0.327501079365079
0.996644295302013	0.996644295302013	0.996644295302013	0.996644295302013	0.996644295302013	0.996644295302013	0.996644295302013	0.996644295302013	0.328506872483221
1	1	1	1	1	1	1	1	0.329522938931298
0.995121951219512	0.995121951219512	0.995121951219512	0.995121951219512	0.995121951219512	0.995121951219512	0.995121951219512	0.995121951219512	0.330584829268293
1	1	1	1	1	1	1	1	0.331511687150838
0.995901639344262	0.995901639344262	0.995901639344262	0.995901639344262	0.995901639344262	0.995901639344262	0.995901639344262	0.995901639344262	0.332463967213115
1	1	1	1	1	1	1	1	0.333479003952569
1	1	1	1	1	1	1	1	0.334478900900901
0.996282527881041	0.996282527881041	0.996282527881041	0.996282527881041	0.996282527881041	0.996282527881041	0.996282527881041	0.996282527881041	0.335596977695167
1	1	1	1	1	1	1	1	0.336566460251046
0.995983935742972	0.995983935742972	0.995983935742972	0.995983935742972	0.995983935742972	0.995983935742972	0.995983935742972	0.995983935742972	0.337641967871486
1	1	1	1	1	1	1	1	0.338513526595745
1	1	1	1	1	1	1	1	0.339470987234043
1	1	1	1	1	1	1	1	0.340439365019011
1	1	1	1	1	1	1	1	0.341467361702128
1	1	1	1	1	1	1	1	0.342487351758794
1	1	1	1	1	1	1	1	0.34355130726257
1	1	1	1	1	1	1	1	0.344595321285141
1	1	1	1	1	1	1	1	0.345503166666667
0.995475113122172	0.995475113122172	0.995475113122172	0.995475113122172	0.995475113122172	0.995475113122172	0.995475113122172	0.995475113122172	0.34645692760181
1	1	1	1	1	1	1	1	0.347466496453901
0.986238532110092	0.986238532110092	0.986238532110092	0.986238532110092	0.986238532110092	0.986238532110092	0.986238532110092	0.986238532110092	0.348479458715596
0.995348837209302	0.995348837209302	0.995348837209302	0.995348837209302	0.995348837209302	0.995348837209302	0.995348837209302	0.995348837209302	0.349525493023256
1	0.996969696969697	0.996969696969697	0.996969696969697	0.996969696969697	0.996969696969697	0.996969696969697	0.996969696969697	0.350569484848485
1	1	1	1	1	1	1	1	0.351576739130435
1	1	1	1	1	1	1	1	0.35251277
1	1	1	1	1	1	1	1	0.353433544600939
1	1	1	1	1	1	1	1	0.354514521929825
1	1	1	1	1	1	1	1	0.355506430327869
1	1	1	1	1	1	1	1	0.356491626865672
1	1	1	1	1	1	1	1	0.357591794520548
1	1	1	1	1	1	1	1	0.358566333333333
0.994318181818182	0.994318181818182	0.994318181818182	0.994318181818182	0.994318181818182	0.994318181818182	0.994318181818182	0.994318181818182	0.359511221590909
1	1	1	1	1	1	1	1	0.360448725738397
1	1	1	1	1	1	1	1	0.361448231707317
1	1	1	1	1	1	1	1	0.362504970930233
0.995260663507109	0.995260663507109	0.995260663507109	0.995260663507109	0.995260663507109	0.995260663507109	0.995260663507109	0.995260663507109	0.363532260663507
1	1	1	1	1	1	1	1	0.364592482300885
1	0.995024875621891	1	0.995024875621891	1	0.995024875621891	1	1	0.365578925373134
1	1	1	1	1	1	1	1	0.366527096590909
1	1	1	1	1	1	1	1	0.36745945
0.995798319327731	0.995798319327731	0.995798319327731	0.995798319327731	0.995798319327731	0.995798319327731	0.995798319327731	0.995798319327731	0.368468596638655
1	1	1	1	1	1	1	1	0.369480468085106
0.991869918699187	0.991869918699187	0.991869918699187	0.991869918699187	0.991869918699187	0.991869918699187	0.991869918699187	0.991869918699187	0.370499857723577
0.99288256227758	0.99288256227758	0.99288256227758	0.99288256227758	0.99288256227758	0.99288256227758	0.99288256227758	0.99288256227758	0.371583839857651
1	1	1	1	1	1	1	1	0.372556435344828
0.995215311004785	0.995215311004785	0.995215311004785	0.995215311004785	0.995215311004785	0.995215311004785	0.995215311004785	0.995215311004785	0.373442392344498
0.995652173913044	0.995652173913044	0.995652173913044	0.995652173913044	0.995652173913044	0.995652173913044	0.995652173913044	0.995652173913044	0.374397243478261
1	1	1	1	1	1	1	1	0.375478707224335
1	1	1	1	1	1	1	1	0.376465701298701
1	1	1	1	1	1	1	1	0.377544361256545
0.995348837209302	0.995348837209302	0.995348837209302	0.995348837209302	0.995348837209302	0.995348837209302	0.995348837209302	0.995348837209302	0.378600265116279
0.991701244813278	0.991701244813278	0.991701244813278	0.991701244813278	0.991701244813278	0.991701244813278	0.991701244813278	0.991701244813278	0.379544543568465
0.985148514851485	0.985148514851485	0.985148514851485	0.985148514851485	0.985148514851485	0.985148514851485	0.985148514851485	0.985148514851485	0.380532014851485
0.996168582375479	0.996168582375479	0.996168582375479	0.996168582375479	0.996168582375479	0.996168582375479	0.996168582375479	0.996168582375479	0.381371739463602
0.99601593625498	0.99601593625498	1	1	1	1	1	1	0.382472306772908
1	1	1	1	1	1	1	1	0.383510452488688
1	1	1	1	1	1	1	1	0.384567107317073
1	1	1	1	1	1	1	1	0.385580209606987
1	1	1	1	1	1	1	1	0.38650806
1	1	1	1	1	1	1	1	0.387505539325843
0.995145631067961	0.995145631067961	0.995145631067961	0.995145631067961	0.995145631067961	0.995145631067961	0.995145631067961	0.995145631067961	0.388454597087379
0.995850622406639	0.995850622406639	0.995850622406639	0.995850622406639	0.995850622406639	0.995850622406639	0.995850622406639	0.995850622406639	0.389431095435685
1	1	1	1	1	1	1	1	0.390516614583333
0.995833333333333	0.995833333333333	0.995833333333333	0.995833333333333	0.995833333333333	0.995833333333333	0.995833333333333	0.995833333333333	0.391538458333333
1	0.99601593625498	0.99601593625498	0.99601593625498	0.99601593625498	0.99601593625498	0.99601593625498	0.99601593625498	0.392540298804781
1	1	1	1	1	1	1	1	0.393585300813008
1	1	1	1	1	1	1	1	0.394483015
1	1	1	1	1	1	1	1	0.395447213483146
0.995594713656388	0.995594713656388	0.995594713656388	0.995594713656388	0.995594713656388	0.995594713656388	0.995594713656388	0.995594713656388	0.396404929515419
0.995744680851064	0.995744680851064	0.995744680851064	1	1	1	1	1	0.397499889361702
1	1	1	1	1	1	1	1	0.398551039215686
1	1	1	1	1	1	1	1	0.399528556420233
1	1	1	1	1	1	1	1	0.400550292537313
1	1	1	1	1	1	1	1	0.401531666666667
0.99622641509434	0.99622641509434	0.99622641509434	0.99622641509434	0.99622641509434	0.99622641509434	0.99622641509434	0.99622641509434	0.402453109433962
1	1	1	1	1	1	1	1	0.40347393728223
1	1	1	1	1	1	1	1	0.404482757785467
0.996815286624204	0.996815286624204	0.996815286624204	0.996815286624204	0.996815286624204	0.996815286624204	0.996815286624204	0.996815286624204	0.405507076433121
1	1	1	1	1	1	1	1	0.406528761245675
0.990322580645161	0.990322580645161	0.990322580645161	0.990322580645161	0.990322580645161	0.990322580645161	0.990322580645161	0.990322580645161	0.407624064516129
1	1	1	1	1	1	1	1	0.408467098214286
0.995633187772926	0.995633187772926	0.995633187772926	0.995633187772926	0.995633187772926	0.995633187772926	0.995633187772926	0.995633187772926	0.409422995633188
1	1	1	1	1	1	1	1	0.410442271551724
0.988416988416988	0.988416988416988	0.988416988416988	0.988416988416988	0.988416988416988	0.988416988416988	0.988416988416988	0.988416988416988	0.411504212355212
0.996153846153846	0.996153846153846	0.996153846153846	0.996153846153846	0.996153846153846	0.996153846153846	0.996153846153846	0.996153846153846	0.412517411538462
1	1	1	1	1	1	1	1	0.413567736434109
1	1	1	1	1	1	1	1	0.414529572519084
0.994818652849741	0.994818652849741	0.994818652849741	0.994818652849741	0.994818652849741	0.994818652849741	0.994818652849741	0.994818652849741	0.415494005181347
1	1	1	1	1	1	1	1	0.416429823770492
0.989304812834225	0.989304812834225	0.989304812834225	0.989304812834225	0.989304812834225	0.989304812834225	0.989304812834225	0.989304812834225	0.417421705882353
1	1	1	1	1	1	1	1	0.418486182320442
1	1	1	1	1	1	1	1	0.419478641791045
1	1	1	1	1	1	1	1	0.420600321212121
0.996644295302013	0.996644295302013	0.996644295302013	0.996644295302013	0.996644295302013	0.996644295302013	0.996644295302013	0.996644295302013	0.421540161073826
1	1	1	1	1	1	1	1	0.42246335078534
1	1	1	1	1	1	1	1	0.423406343347639
1	1	1	1	1	1	1	1	0.424482957377049
1	1	1	1	1	1	1	1	0.425477076555024
0.995689655172414	0.995689655172414	0.995689655172414	0.995689655172414	0.995689655172414	0.995689655172414	0.995689655172414	0.995689655172414	0.42652686637931
0.996402877697842	0.996402877697842	0.996402877697842	0.996402877697842	0.996402877697842	0.996402877697842	0.996402877697842	0.996402877697842	0.427538604316547
0.99601593625498	0.99601593625498	0.99601593625498	0.99601593625498	0.99601593625498	0.99601593625498	0.99601593625498	0.99601593625498	0.42851484063745
0.994318181818182	0.994318181818182	0.994318181818182	0.994318181818182	0.994318181818182	0.994318181818182	0.994318181818182	0.994318181818182	0.429529971590909
1	1	1	1	1	1	1	1	0.430423412765957
1	1	1	1	1	1	1	1	0.431428100877193
1	1	1	1	1	1	1	1	0.432465645
1	1	1	1	1	1	1	1	0.433503788530466
0.995867768595041	0.995867768595041	0.995867768595041	0.995867768595041	0.995867768595041	0.995867768595041	0.995867768595041	0.995867768595041	0.434569747933884
1	1	1	1	1	1	1	1	0.4355644375
0.994791666666667	0.994791666666667	0.994791666666667	0.994791666666667	0.994791666666667	0.994791666666667	0.994791666666667	0.994791666666667	0.436504057291667
1	1	1	1	1	1	1	1	0.437462427272727
1	1	1	1	1	1	1	1	0.438495652777778
1	1	1	1	1	1	1	1	0.439506433198381
0.994871794871795	0.994871794871795	0.994871794871795	0.994871794871795	0.994871794871795	0.994871794871795	0.994871794871795	0.994871794871795	0.440527271794872
1	1	1	1	1	1	1	1	0.441521059907834
0.995433789954338	0.995433789954338	0.995433789954338	0.995433789954338	0.995433789954338	0.995433789954338	0.995433789954338	0.995433789954338	0.442538251141552
0.994623655913978	0.994623655913978	0.994623655913978	0.994623655913978	0.994623655913978	0.994623655913978	0.994623655913978	0.994623655913978	0.443558408602151
1	1	1	1	1	1	1	1	0.444447081560284
1	1	1	0.996138996138996	0.996138996138996	1	1	1	0.445489833976834
1	1	1	1	1	1	1	1	0.446426792727273
0.995098039215686	0.995098039215686	0.995098039215686	0.995098039215686	0.995098039215686	0.995098039215686	0.995098039215686	0.995098039215686	0.447529887254902
0.98828125	0.98828125	0.98828125	0.98828125	0.98828125	0.98828125	0.98828125	0.98828125	0.44853886328125
0.985559566787004	0.985559566787004	0.985559566787004	0.985559566787004	0.985559566787004	0.985559566787004	0.985559566787004	0.985559566787004	0.449561198555957
1	1	1	1	1	1	1	1	0.450507511904762
1	1	1	1	1	1	1	1	0.45143156372549
1	1	1	1	1	1	1	1	0.45251885106383
0.99581589958159	0.99581589958159	0.99581589958159	0.99581589958159	0.99581589958159	0.99581589958159	0.99581589958159	0.99581589958159	0.453459815899582
1	1	1	1	1	1	1	1	0.454512636
0.99622641509434	0.99622641509434	0.99622641509434	0.99622641509434	0.99622641509434	0.99622641509434	0.99622641509434	0.99622641509434	0.4555098
1	1	1	1	1	1	1	1	0.45655109047619
1	1	1	1	1	1	1	1	0.457511371287129
0.995391705069124	0.995391705069124	0.995391705069124	0.995391705069124	0.995391705069124	0.995391705069124	0.995391705069124	0.995391705069124	0.458432958525346
1	1	1	1	1	1	1	1	0.459448760368664
1	1	1	1	1	1	1	1	0.460480602678571
1	1	1	1	1	1	1	1	0.461542130232558
0.995327102803738	0.995327102803738	0.995327102803738	0.995327102803738	0.995327102803738	0.995327102803738	0.995327102803738	0.995327102803738	0.462538920560748
1	1	1	1	1	1	1	1	0.463523429223744
1	1	1	1	1	1	1	1	0.464460881578947
1	1	1	1	1	1	1	1	0.465429099009901
0.994652406417112	0.994652406417112	0.994652406417112	0.994652406417112	0.994652406417112	0.994652406417112	0.994652406417112	0.994652406417112	0.466481721925134
1	1	1	1	1	1	1	1	0.467483890295359
0.995433789954338	0.995433789954338	0.995433789954338	0.995433789954338	0.995433789954338	0.995433789954338	0.995433789954338	0.995433789954338	0.468507164383562
1	1	1	1	1	1	1	1	0.469539611353712
0.994818652849741	0.994818652849741	0.994818652849741	0.994818652849741	0.994818652849741	0.994818652849741	0.994818652849741	0.994818652849741	0.470548056994819
1	1	1	1	1	1	1	1	0.471498818181818
1	1	1	1	1	1	1	1	0.47238769266055
1	1	1	1	1	1	1	1	0.473426036082474
0.995475113122172	0.995475113122172	0.995475113122172	0.995475113122172	0.995475113122172	0.995475113122172	0.995475113122172	0.995475113122172	0.474471488687783
1	1	1	1	1	1	1	1	0.475425883802817
1	1	1	1	1	1	1	1	0.476531905
1	1	1	1	1	1	1	1	0.477618053191489
1	0.994594594594595	0.994594594594595	0.989189189189189	0.994594594594595	0.989189189189189	0.989189189189189	0.989189189189189	0.478488291891892
0.986928104575163	0.986928104575163	0.986928104575163	0.986928104575163	0.986928104575163	0.986928104575163	0.986928104575163	0.986928104575163	0.479418705882353
0.991111111111111	0.991111111111111	0.991111111111111	0.991111111111111	0.991111111111111	0.991111111111111	0.991111111111111	0.991111111111111	0.480469622222222
0.995867768595041	0.995867768595041	0.995867768595041	0.995867768595041	0.995867768595041	0.995867768595041	0.995867768595041	0.995867768595041	0.481522342975207
1	1	1	1	1	1	1	1	0.482517804651163
0.994736842105263	0.994736842105263	0.994736842105263	0.994736842105263	0.994736842105263	0.994736842105263	0.994736842105263	0.994736842105263	0.483584452631579
1	1	1	1	1	1	1	1	0.484592824
1	1	1	1	1	1	1	1	0.485501905555556
1	1	1	1	1	1	1	1	0.486426004651163
1	1	1	1	1	1	1	1	0.487488209606987
0.986547085201794	0.986547085201794	0.986547085201794	0.986547085201794	0.986547085201794	0.986547085201794	0.986547085201794	0.986547085201794	0.488449260089686
1	1	1	1	1	1	1	1	0.489496802955665
0.99537037037037	0.99537037037037	0.99537037037037	0.99537037037037	0.99537037037037	0.99537037037037	0.99537037037037	0.99537037037037	0.490507972222222
1	1	1	1	1	1	1	1	0.491571392070485
0.994219653179191	0.994219653179191	0.994219653179191	0.994219653179191	0.994219653179191	0.994219653179191	0.994219653179191	0.994219653179191	0.492485416184971
0.995594713656388	0.995594713656388	0.995594713656388	0.995594713656388	0.995594713656388	0.995594713656388	0.995594713656388	0.995594713656388	0.493384607929515
0.995098039215686	0.995098039215686	0.995098039215686	0.995098039215686	0.995098039215686	0.995098039215686	0.995098039215686	0.995098039215686	0.494437715686274
0.991803278688525	0.991803278688525	0.991803278688525	0.991803278688525	0.991803278688525	0.991803278688525	0.991803278688525	0.991803278688525	0.495429786885246
1	1	1	1	1	1	1	1	0.496471248888889
1	1	1	1	1	1	1	1	0.497550164319249
1	1	1	1	1	1	1	1	0.498538347826087
0.995433789954338	0.995433789954338	0.995433789954338	0.995433789954338	0.995433789954338	0.995433789954338	0.995433789954338	0.995433789954338	0.499577890410959
