MAF	n100	n200	n300	n400	n500	n1000	n2000	n3000
0.000205862003725749	0.555876115461664	0.551702349039029	0.550722902535622	0.547707887670111	0.545815210959902	0.536381119199272	0.525754022361604	0.516105047934936
0.0004117188610184	0.869354254314416	0.861132049636286	0.859521664521665	0.855508577800652	0.851996140651801	0.836557164895441	0.819873416638138	0.811331450577664
0.000617593417945297	0.938903380564543	0.929467422726262	0.927299754847337	0.923441127325387	0.920516096691545	0.903397707034728	0.891484211696687	0.885589504113854
0.000823435248215702	0.96822469823584	0.957905233941316	0.955813956567797	0.950615832671432	0.946374222575096	0.933397673188789	0.927484007401533	0.925210811525245
0.00112730294351919	0.97360245425501	0.963779942070963	0.961777439245557	0.957009282761622	0.953615947807177	0.942932203389831	0.939896813902969	0.93860905141202
0.00144101165290649	0.975379708177808	0.963305812973884	0.963098327420172	0.958557617681795	0.955235750421585	0.948535130581297	0.947655433866891	0.946050547598989
0.001646914447858	0.981610483042138	0.973712237583205	0.970349735178541	0.965462931329006	0.962738774116442	0.955929851510497	0.954547704386414	0.954362519201229
0.00185273928429423	0.980796662434246	0.972119284294235	0.970959652614438	0.967291968162084	0.964240774240232	0.959189409000542	0.954583047171516	0.955263871317549
0.00245760745663232	0.983729292841271	0.973383592017738	0.971381913921406	0.968464476832717	0.966525489343193	0.962994521977305	0.962617234033303	0.961744576322769
0.0034925520707368	0.983552714798735	0.97458858151854	0.973329514427967	0.971241087677979	0.970250053510274	0.968963614960672	0.968780459093584	0.968431269730858
0.00451367452225335	0.984831689349482	0.977154870837224	0.975561752988048	0.973148966633466	0.9726578062749	0.970938997821351	0.971383380018674	0.971042141300965
0.00554934271329158	0.986588079470199	0.979572651356994	0.978516353514266	0.977304592901879	0.97599220598469	0.972982254697286	0.974274739039666	0.974575504523312
0.00656965809140888	0.986940475211708	0.980038729794043	0.980008863356586	0.978816936079429	0.978876425699516	0.977488635431197	0.977456470009026	0.977172560925576
0.00750003724750521	0.98332227956517	0.97784768066674	0.978094527908762	0.977053295317469	0.976929707204737	0.976898015133238	0.97771619695142	0.977411009979164
0.00843241607268122	0.984364921517013	0.97980173421668	0.980162607170694	0.978854345284489	0.978583008573656	0.978895946999221	0.979432677318784	0.978954403741231
0.00947241573660469	0.985762807094855	0.980088348553196	0.980209153922324	0.979240840576521	0.979001980415887	0.978799867972274	0.979360435691495	0.979485091869293
0.0104700000120598	0.986481481481482	0.981722503617945	0.981869995176073	0.980917028461167	0.980854438012542	0.980554148576942	0.980967800289436	0.981087554269175
0.0115193242119089	0.985085756026297	0.980443374197315	0.98086310566258	0.979680531231757	0.979731611208406	0.979341798015178	0.979545534150613	0.979653385872738
0.0125453041130721	0.985003442083209	0.981289261142686	0.982292551600359	0.981706700568352	0.981888722704158	0.981542626383488	0.981844301525576	0.981689949147472
0.0135780230743357	0.986132907133244	0.982780020181635	0.983197948200471	0.982574503868147	0.982636730575177	0.982939623276152	0.983411537167844	0.983410528086108
0.0144927923186056	0.986607461476075	0.984821645723551	0.985044791244426	0.983921767328739	0.98407478719092	0.984106201864613	0.984605391163356	0.984588569112282
0.0154393062993643	0.985063005780347	0.98313927952225	0.983552879984589	0.983043344249663	0.983220381429397	0.983155654016567	0.983747254864188	0.983725871701021
0.016489153440902	0.987127163134357	0.984566485225505	0.985093895800933	0.984727643856921	0.984778382581649	0.984332231726283	0.984658437013997	0.98453732503888
0.0174831553880266	0.985828381374723	0.982894235033259	0.984205764966741	0.983947671840355	0.983791574279379	0.983346563192905	0.983860753880266	0.983711086474501
0.018517488030046	0.987424763750909	0.985325660285922	0.986060092076569	0.985334625636055	0.985542282529683	0.985277925854131	0.985520717228011	0.985353525563363
0.0195513797881011	0.988436294485194	0.984686498234176	0.985300461831024	0.984884270578647	0.985048899755501	0.984554740559631	0.984848682423255	0.984815539255637
0.02057921695665	0.988218224712474	0.984792391624889	0.985819817163079	0.985183426717782	0.985417870834562	0.984341787083456	0.984785019168387	0.984752875258036
0.021498625646711	0.988579453067258	0.985958610495196	0.987048410938655	0.986192904656319	0.986185883222469	0.986470805617147	0.987121212121212	0.987120842572062
0.0224344534216336	0.988290851735016	0.985315988647114	0.98484137496058	0.984147272153895	0.983813938820561	0.983919899085462	0.984311888994008	0.984296436455377
0.0234773375778547	0.988009342560554	0.98673044982699	0.988259861591696	0.987449826989619	0.987162629757785	0.986698269896194	0.986884083044983	0.986923529411765
0.0244724692608387	0.988958066808813	0.987025586353945	0.987280383795309	0.986711798152097	0.986733475479744	0.98702380952381	0.987352523098792	0.9874513148543
0.0255120785958254	0.988400379506641	0.987396584440228	0.988006831119545	0.987750664136622	0.987984819734345	0.98782770398482	0.988203795066414	0.98807210626186
0.0265586748432929	0.991140409527789	0.987977852068533	0.987987045549519	0.987910154617635	0.987956539908065	0.987920601755119	0.987888006686168	0.987513999164229
0.0275720085811385	0.988435429056924	0.988135514018692	0.987633814783347	0.987672472387426	0.987502973661852	0.987580713678844	0.98796686491079	0.987892948173322
0.0284979143853999	0.989084272678476	0.98892270531401	0.989371980676328	0.98892860976919	0.988634997316157	0.988544820182501	0.988203435319377	0.988142243692968
0.0294180665248227	0.988449645390071	0.987772576832151	0.98760378250591	0.986785815602837	0.986724822695035	0.986535697399527	0.987157446808511	0.987091725768321
0.0304543941506785	0.987862891904539	0.986000935891437	0.987220870379036	0.986786616752457	0.987291530182499	0.987312587739822	0.987251754796444	0.987451567618156
0.0314931814136126	0.989744502617801	0.988520418848168	0.988523036649215	0.98822722513089	0.98846387434555	0.987702094240838	0.987893717277487	0.987985340314136
0.0325551424892704	0.987979077253219	0.985765021459228	0.986730150214592	0.986783798283262	0.98636856223176	0.986605686695279	0.987045064377682	0.987221030042919
0.0335533915234822	0.989041809851088	0.98769873997709	0.9883843069874	0.988134593356243	0.988022336769759	0.987800114547537	0.988301832760596	0.988258304696449
0.0345741941775014	0.989934991520633	0.987533069530808	0.988553985302431	0.987886376483889	0.98763651780667	0.987349349915206	0.987750141322781	0.987748445449406
0.0355088851002865	0.988946991404011	0.98867335243553	0.989330229226361	0.988707736389685	0.988900429799427	0.988772922636103	0.989145415472779	0.989261461318052
0.036417795200526	0.988942143326759	0.986723865877712	0.987854700854701	0.987205128205128	0.987189349112426	0.987169625246548	0.987305062458909	0.987190664036818
0.037467032651715	0.991456464379947	0.989836411609499	0.990214379947229	0.989926121372032	0.989864116094987	0.989614116094987	0.990042875989446	0.989990765171504
0.0384911871571906	0.993296321070234	0.990433444816054	0.991027424749164	0.990624080267559	0.990291638795987	0.989858193979933	0.990234113712375	0.990092307692308
0.0394968838225256	0.990112627986348	0.989115358361775	0.989625938566553	0.989419112627986	0.989279180887372	0.988830034129693	0.988865529010239	0.988763822525597
0.0405540574001566	0.989284259984338	0.98867580266249	0.988870007830854	0.988793265465936	0.988781519185591	0.988356303837118	0.988400939702428	0.988337509788567
0.0415696652512385	0.993005661712668	0.992007784854919	0.992023354564756	0.991801840056617	0.991808209483369	0.991416135881104	0.991514508138712	0.99169355980184
0.0425095210979548	0.991096878363832	0.989935414424112	0.990631862217438	0.990146393972013	0.989339074273412	0.989393972012917	0.98927125941873	0.989273412271259
0.0434150790610329	0.993084507042253	0.990209389671362	0.989774647887324	0.989777464788732	0.989750234741784	0.989176525821596	0.989825352112676	0.989745539906103
0.044474299382716	0.993327160493827	0.991697530864198	0.991487654320988	0.991004409171076	0.990645502645503	0.990453262786596	0.990783068783069	0.991
0.0454831561936013	0.991722723543888	0.990901558654635	0.991378999179655	0.990737489745693	0.990551271534044	0.990950779327317	0.991264150943396	0.991333059885152
0.046517244004065	0.989511178861789	0.987157520325203	0.987788617886179	0.987540650406504	0.986941056910569	0.98664837398374	0.987092479674797	0.987261178861789
0.0475459383141762	0.993058429118774	0.991795019157088	0.992097701149425	0.991916666666667	0.991816091954023	0.99136398467433	0.991622605363985	0.991579501915709
0.0485799483539095	0.99272633744856	0.991909465020576	0.992303497942387	0.99190329218107	0.992006172839506	0.991966049382716	0.992318930041152	0.992258230452675
0.0494852051216389	0.994485275288092	0.993591549295775	0.993663252240717	0.993658130601793	0.993510883482714	0.993458386683739	0.993426376440461	0.993396927016645
0.0504208196954315	0.992699492385787	0.99183654822335	0.991668020304569	0.991352284263959	0.991593908629442	0.991203045685279	0.991485279187817	0.991348223350254
0.051457958166491	0.993532139093783	0.992400421496312	0.993282402528978	0.992670179135933	0.99272602739726	0.992426765015806	0.992698630136986	0.992606954689147
0.0524934424719101	0.991551685393258	0.991086516853933	0.99197191011236	0.991358426966292	0.991362921348315	0.991348314606742	0.991658426966292	0.991584269662921
0.0535073919242273	0.992062811565304	0.990732801595214	0.991199401794616	0.99126221335992	0.991369890329013	0.991615154536391	0.992123629112662	0.992369890329013
0.0545402669683258	0.993581447963801	0.992752262443439	0.993053167420815	0.992755656108597	0.9929592760181	0.992992081447964	0.993287330316742	0.993089366515837
0.055571596516129	0.992521290322581	0.99158064516129	0.991743225806452	0.991678709677419	0.991783225806452	0.991615483870968	0.991855483870968	0.991805161290323
0.0565138075731497	0.992134251290878	0.991514629948365	0.990982788296041	0.991204819277108	0.991376936316695	0.99092082616179	0.99110843373494	0.991376936316695
0.0574320957333333	0.988210666666667	0.986798666666667	0.986974666666667	0.987304	0.987688	0.987294666666667	0.987558666666667	0.987568
0.0584664512071156	0.993364675984752	0.992304955527319	0.992750952986023	0.992593392630241	0.992758576874206	0.992171537484117	0.991786531130877	0.991703939008895
0.0594963409032258	0.992269677419355	0.991886451612903	0.992468387096774	0.992148387096774	0.99188	0.992109677419355	0.991994838709677	0.991767741935484
0.0605529025089606	0.994481481481482	0.992334528076464	0.992850657108722	0.993032258064516	0.993455197132616	0.993350059737157	0.993313022700119	0.993259259259259
0.0615429327941176	0.991405882352941	0.990851470588235	0.990810294117647	0.990732352941176	0.990782352941176	0.991079411764706	0.990994117647059	0.991211764705882
0.0625568989056088	0.994960328317373	0.994102599179207	0.994075239398085	0.994146374829001	0.994209302325581	0.994437756497948	0.994648426812585	0.994430916552668
0.063502398	0.995011111111111	0.992635555555556	0.992153333333333	0.992244444444444	0.992271111111111	0.99178	0.991666666666667	0.991557777777778
0.0644396543613707	0.991415887850467	0.990839563862928	0.99132554517134	0.991443925233645	0.991373831775701	0.991239875389408	0.991651090342679	0.991595015576324
0.0654276053291536	0.994043887147335	0.99333855799373	0.993871473354232	0.993730407523511	0.99353605015674	0.993559561128527	0.993543887147335	0.993443573667712
0.0664768119784657	0.991436069986541	0.98892866756393	0.989830417227456	0.989967698519515	0.989916554508748	0.989755047106326	0.990479138627187	0.990043068640646
0.0675097383561644	0.99389802130898	0.992908675799087	0.993272450532725	0.992920852359209	0.992872146118721	0.992917808219178	0.993406392694064	0.993677321156773
0.0685810934936351	0.997213578500707	0.995973125884017	0.995760961810467	0.99549504950495	0.995292786421499	0.995087694483734	0.995089108910891	0.995086280056577
0.0695412356821589	0.996113943028486	0.99475712143928	0.994929535232384	0.994640179910045	0.994833583208396	0.994907046476762	0.99484107946027	0.994755622188906
0.0705078106766917	0.992586466165414	0.992323308270677	0.992673684210526	0.992365413533835	0.992178947368421	0.991957894736842	0.991813533834586	0.991893233082707
0.0713994962365591	0.994208333333333	0.99340188172043	0.993775537634409	0.993569892473118	0.993565860215054	0.993751344086022	0.993935483870968	0.993849462365591
0.0724667117647059	0.994148529411765	0.993426470588235	0.993445588235294	0.993242647058823	0.993223529411765	0.993504411764706	0.993482352941176	0.993582352941176
0.0735180069252078	0.995274238227147	0.995103878116343	0.99509972299169	0.994792243767313	0.995029085872576	0.99508864265928	0.995206371191136	0.995184210526316
0.0745214223001402	0.99640252454418	0.995380084151473	0.995977559607293	0.996044880785414	0.996079943899018	0.996106591865358	0.996117812061711	0.995978962131837
0.0755179020472441	0.996648818897638	0.995681889763779	0.995573228346457	0.995146456692913	0.995242519685039	0.995190551181102	0.995163779527559	0.995048818897638
0.0765597632075472	0.991938679245283	0.990646226415094	0.990220125786163	0.990003144654088	0.990080188679245	0.989933962264151	0.989971698113208	0.990084905660377
0.0775286366609294	0.995931153184165	0.995277108433735	0.99571256454389	0.995667814113597	0.995055077452668	0.995146299483649	0.995487091222031	0.995401032702238
0.0784331073051948	0.996577922077922	0.995637987012987	0.995417207792208	0.995159090909091	0.995050324675325	0.99511038961039	0.995293831168831	0.99511525974026
0.0794857441221374	0.9926	0.992212213740458	0.993381679389313	0.993448854961832	0.993806106870229	0.993883969465649	0.993993893129771	0.993935877862595
0.0805127402821317	0.994148902821317	0.994133228840125	0.994266457680251	0.994280564263323	0.994335423197492	0.994341692789969	0.994498432601881	0.994366771159875
0.0814835630541872	0.994507389162562	0.993789819376026	0.99388341543514	0.994098522167488	0.993998357963875	0.993689655172414	0.993714285714286	0.993591133004926
0.0825454167587477	0.995546961325967	0.994633517495396	0.995152854511971	0.994786372007367	0.994686924493554	0.994836095764273	0.994988950276243	0.995049723756906
0.0835462672413793	0.994510344827586	0.993910344827586	0.994589655172414	0.994455172413793	0.994491379310345	0.99413275862069	0.994341379310345	0.99428275862069
0.0845114006122449	0.994869387755102	0.995189795918367	0.995869387755102	0.995836734693878	0.995761224489796	0.995677551020408	0.995604081632653	0.995420408163265
0.08541164544	0.9934848	0.9924416	0.9928976	0.9929696	0.9932624	0.993536	0.9934752	0.9934976
0.086455694548552	0.994192504258944	0.993420783645656	0.993637137989778	0.993744463373083	0.993660988074957	0.993633730834753	0.993899488926746	0.993928449744463
0.0874874375494071	0.996950592885375	0.996389328063241	0.996371541501976	0.996440711462451	0.996377470355731	0.996009881422925	0.99602371541502	0.995934782608696
0.0885148838951311	0.993840823970037	0.992908239700375	0.993486891385768	0.993368913857678	0.992979400749064	0.992709737827715	0.993140449438202	0.993215355805243
0.0895323888888889	0.99489417989418	0.99399823633157	0.993825396825397	0.993857142857143	0.993696649029982	0.993405643738977	0.993661375661376	0.993716049382716
0.0905378266260163	0.990894308943089	0.991170731707317	0.991406504065041	0.991371951219512	0.991355691056911	0.991408536585366	0.991422764227642	0.991416666666667
0.0914823961797753	0.996788764044944	0.996507865168539	0.996656179775281	0.996469662921348	0.996393258426966	0.996222471910112	0.996157303370787	0.99616404494382
0.0924277246753247	0.995068181818182	0.994642857142857	0.99462987012987	0.994472402597403	0.994538961038961	0.994508116883117	0.994746753246753	0.994826298701299
0.0934941382570162	0.996426883308715	0.995881831610044	0.995927621861152	0.995738552437223	0.995644017725258	0.99568094534712	0.995615952732644	0.995698670605613
0.0944844282747604	0.994651757188498	0.993611821086262	0.993722044728435	0.9935	0.993426517571885	0.993404153354633	0.993348242811502	0.993258785942492
0.095544826171875	0.9945	0.9939140625	0.994126953125	0.993822265625	0.9937578125	0.993564453125	0.993630859375	0.9937421875
0.096540997993311	0.994172240802676	0.993225752508361	0.993396321070234	0.993387959866221	0.993292642140468	0.993128762541806	0.992921404682274	0.992919732441472
0.0976049796521739	0.994344347826087	0.994335652173913	0.994325217391304	0.994010434782609	0.993965217391304	0.993751304347826	0.993845217391304	0.993918260869565
0.0984964295454545	0.996729797979798	0.996042929292929	0.995987373737374	0.996058080808081	0.995992424242424	0.995906565656566	0.995724747474747	0.99579797979798
0.0994379252475247	0.996546204620462	0.995120462046205	0.995684818481848	0.995432343234323	0.995252475247525	0.995077557755776	0.995420792079208	0.995473597359736
0.100445106382979	0.996170212765957	0.99566134751773	0.996062056737589	0.995826241134752	0.995689716312057	0.995998226950355	0.99616134751773	0.996232269503546
0.101482756972112	0.993790836653386	0.993631474103586	0.993918326693227	0.993850597609562	0.993794820717131	0.993474103585657	0.993886454183267	0.993790836653386
0.102497492831541	0.994894265232975	0.993790322580645	0.994293906810036	0.994363799283154	0.994413978494624	0.994548387096774	0.994661290322581	0.994559139784946
0.103547478991597	0.984620168067227	0.982361344537815	0.985460504201681	0.98670756302521	0.987082352941177	0.989043697478992	0.989457142857143	0.988689075630252
0.104541900692841	0.993653579676674	0.992990762124711	0.993381062355658	0.993140877598152	0.993094688221709	0.993247113163972	0.993193995381062	0.993025404157044
0.105509745679012	0.997439506172839	0.997486419753086	0.997587654320988	0.997123456790123	0.997059259259259	0.997207407407407	0.997133333333333	0.997175308641975
0.106410807355517	0.994775831873905	0.994665499124343	0.994723292469352	0.994528896672504	0.994719789842382	0.994661996497373	0.994718038528897	0.994877408056042
0.107447765458422	0.99256289978678	0.992253731343284	0.99244776119403	0.992226012793177	0.991889125799574	0.991921108742004	0.991626865671642	0.991742004264392
0.108463230483271	0.997061338289963	0.996646840148699	0.996838289962825	0.99664312267658	0.996676579925651	0.996457249070632	0.996407063197026	0.996468401486989
0.109515184368737	0.993965931863728	0.992821643286573	0.994052104208417	0.994234468937876	0.994204408817635	0.99460120240481	0.994787575150301	0.994438877755511
0.110535642990654	0.996110280373832	0.995685981308411	0.995685981308411	0.995751401869159	0.99574953271028	0.995564485981308	0.995685981308411	0.99581308411215
0.111576277280859	0.995237924865832	0.994280858676208	0.994062611806798	0.994080500894454	0.994059033989267	0.994354203935599	0.994286225402504	0.994293381037567
0.112485113785558	0.996328227571116	0.995575492341357	0.995831509846827	0.995614879649891	0.995754923413567	0.996041575492341	0.996301969365427	0.996369803063457
0.113397438834951	0.99661359223301	0.995677669902913	0.995990291262136	0.995897087378641	0.995732038834951	0.99601359223301	0.996196116504854	0.996083495145631
0.114432396995708	0.997051502145923	0.995948497854077	0.996049356223176	0.996068669527897	0.996171673819742	0.996251072961373	0.996364806866953	0.996375536480687
0.115508386036961	0.996954825462012	0.996232032854209	0.996503080082136	0.996334702258727	0.99617659137577	0.995977412731006	0.996347022587269	0.99629363449692
0.116546816115702	0.99703305785124	0.99645867768595	0.996654958677686	0.996380165289256	0.996373966942149	0.996140495867769	0.996314049586777	0.996299586776859
0.117563667355372	0.997630165289256	0.996845041322314	0.996842975206612	0.996824380165289	0.996690082644628	0.996638429752066	0.996714876033058	0.996644628099174
0.118571076595745	0.995872340425532	0.995025531914894	0.995087234042553	0.994991489361702	0.994827659574468	0.994806382978723	0.99456170212766	0.994568085106383
0.119507169047619	0.99362380952381	0.993245238095238	0.993671428571429	0.993490476190476	0.993464285714286	0.993502380952381	0.993880952380952	0.993883333333333
0.120403395537525	0.995271805273834	0.993876267748479	0.994685598377282	0.995073022312373	0.99484584178499	0.994827586206897	0.995101419878296	0.99506490872211
0.121439223849372	0.993728033472803	0.991987447698745	0.992169456066946	0.992213389121339	0.991981171548117	0.99207949790795	0.992299163179916	0.992244769874477
0.12247382	0.998017777777778	0.996373333333333	0.996206666666667	0.9965	0.996273333333333	0.996473333333333	0.996448888888889	0.99634
0.123528675675676	0.997436293436293	0.996998069498069	0.997055984555985	0.996998069498069	0.996882239382239	0.996716216216216	0.996648648648649	0.99661583011583
0.124519504545455	0.996954545454545	0.996497727272727	0.996695454545454	0.996725	0.996759090909091	0.996681818181818	0.996620454545455	0.996490909090909
0.125585741935484	0.995594470046083	0.994774193548387	0.995117511520737	0.994935483870968	0.994566820276498	0.994594470046083	0.994760368663595	0.994654377880184
0.126460640117994	0.997368731563422	0.997159292035398	0.997141592920354	0.996710914454277	0.996566371681416	0.996315634218289	0.996206489675516	0.996115044247788
0.127421858942065	0.996589420654912	0.996272040302267	0.996229219143577	0.996370277078086	0.996128463476071	0.996272040302267	0.996377833753149	0.996267002518892
0.128464904076739	0.997429256594724	0.997302158273381	0.997352517985612	0.997119904076739	0.997127098321343	0.996964028776978	0.997011990407674	0.997127098321343
0.129463522727273	0.995643939393939	0.994853535353535	0.994825757575758	0.994924242424242	0.994800505050505	0.994742424242424	0.994825757575758	0.994719696969697
0.130491442352941	0.997404705882353	0.996847058823529	0.996712941176471	0.996590588235294	0.996392941176471	0.996303529411765	0.996461176470588	0.99652
0.131530984334204	0.996587467362924	0.995953002610966	0.996070496083551	0.996344647519582	0.996229765013055	0.996308093994778	0.996274151436031	0.996174934725849
0.13255724893617	0.994355319148936	0.994051063829787	0.994193617021277	0.994108510638298	0.99398085106383	0.994082978723404	0.994225531914894	0.994172340425532
0.133494326923077	0.994752747252747	0.994461538461539	0.994269230769231	0.993873626373626	0.99364010989011	0.993626373626374	0.993453296703297	0.993478021978022
0.134440825986079	0.997445475638051	0.997097447795824	0.99715777262181	0.997060324825986	0.99692807424594	0.996837587006961	0.996886310904872	0.996990719257541
0.135440853598015	0.996856079404467	0.996498759305211	0.996647642679901	0.996722084367246	0.99685111662531	0.997012406947891	0.997084367245658	0.997047146401985
0.136495972772277	0.997450495049505	0.996537128712871	0.996752475247525	0.996457920792079	0.996514851485149	0.996339108910891	0.996443069306931	0.996373762376238
0.137523110192837	0.99666391184573	0.996258953168044	0.996603305785124	0.99631129476584	0.996123966942149	0.996027548209366	0.996206611570248	0.996231404958678
0.138525186157518	0.997205250596659	0.996245823389021	0.996498806682578	0.996396181384248	0.996073985680191	0.996124105011933	0.996291169451074	0.996112171837709
0.139550004683841	0.997906323185012	0.997372365339578	0.997355971896955	0.997573770491803	0.997508196721312	0.99724355971897	0.99732318501171	0.997274004683841
0.140489146551724	0.99414367816092	0.99408908045977	0.994083333333333	0.994163793103448	0.993916666666667	0.99407183908046	0.994304597701149	0.994198275862069
0.1414591875	0.996851190476191	0.995657738095238	0.996139880952381	0.996366071428571	0.996556547619048	0.996520833333333	0.996681547619048	0.996684523809524
0.142426534653465	0.994126237623762	0.994720297029703	0.994764851485148	0.994836633663366	0.994611386138614	0.994903465346535	0.994811881188119	0.994935643564356
0.143492804232804	0.989526455026455	0.989486772486773	0.989100529100529	0.98992328042328	0.989687830687831	0.990526455026455	0.989804232804233	0.990068783068783
0.144545463888889	0.995547222222222	0.995080555555556	0.995258333333333	0.995469444444444	0.995477777777778	0.995836111111111	0.995494444444444	0.995558333333333
0.14550298488665	0.997108312342569	0.99695717884131	0.996722921914358	0.996690176322418	0.996599496221662	0.99636523929471	0.996375314861461	0.996536523929471
0.146569375342466	0.997301369863014	0.997134246575342	0.996827397260274	0.996378082191781	0.996331506849315	0.996638356164384	0.996646575342466	0.996704109589041
0.147495653594771	0.993130718954248	0.993287581699346	0.99321568627451	0.993212418300654	0.993346405228758	0.993503267973856	0.993627450980392	0.993588235294118
0.148446696485623	0.995894568690096	0.995722044728435	0.996076677316294	0.995952076677316	0.99623642172524	0.99597124600639	0.996012779552716	0.996194888178914
0.149444479452055	0.996328767123288	0.995928767123288	0.996142465753425	0.996213698630137	0.996271232876712	0.996331506849315	0.996397260273973	0.996290410958904
0.1504943125	0.99710625	0.996103125	0.996490625	0.996340625	0.996065625	0.995646875	0.99589375	0.9958625
0.151442182464455	0.998144549763033	0.997341232227488	0.997270142180095	0.997291469194313	0.99731990521327	0.997113744075829	0.997289099526066	0.997165876777251
0.152543987460815	0.996244514106583	0.995438871473354	0.996031347962382	0.99553605015674	0.995354231974922	0.995025078369906	0.995141065830721	0.995200626959248
0.153532925110132	0.998266519823789	0.997850220264317	0.998046255506608	0.997918502202643	0.997944933920705	0.997814977973568	0.997887665198238	0.997997797356828
0.154474255451713	0.996688473520249	0.99607476635514	0.996554517133956	0.996314641744548	0.996230529595016	0.996018691588785	0.995775700934579	0.995968847352025
0.155431285326087	0.991127717391304	0.990774456521739	0.990796195652174	0.990850543478261	0.990820652173913	0.990635869565217	0.990834239130435	0.990845108695652
0.156455120743034	0.993919504643963	0.993572755417957	0.993860681114551	0.993792569659443	0.993597523219814	0.99333746130031	0.993625386996904	0.993640866873065
0.157444895348837	0.99768023255814	0.997438953488372	0.997549418604651	0.997354651162791	0.997206395348837	0.997372093023256	0.997386627906977	0.99734011627907
0.158508656804734	0.994381656804734	0.994319526627219	0.994778106508876	0.994520710059172	0.994485207100592	0.994201183431953	0.994257396449704	0.994263313609467
0.159493674193548	0.994496774193548	0.9933	0.993664516129032	0.993267741935484	0.993509677419355	0.993251612903226	0.993412903225806	0.993393548387097
0.160534927058824	0.993607058823529	0.993701176470588	0.993675294117647	0.993905882352941	0.993908235294118	0.993884705882353	0.993922352941176	0.994032941176471
0.161484494736842	0.994782456140351	0.994568421052632	0.995263157894737	0.995105263157895	0.9952	0.994740350877193	0.994964912280702	0.994891228070175
0.162384109693878	0.996862244897959	0.996841836734694	0.996811224489796	0.996566326530612	0.996783163265306	0.99655612244898	0.996790816326531	0.99675
0.163465807894737	0.994984210526316	0.994344736842105	0.994507894736842	0.994447368421053	0.994444736842105	0.994513157894737	0.994642105263158	0.994689473684211
0.164468425149701	0.994637724550898	0.99440119760479	0.994305389221557	0.993898203592814	0.99388622754491	0.994017964071856	0.994122754491018	0.994152694610778
0.165531068571429	0.995651428571429	0.995568571428571	0.995911428571429	0.99568	0.99574	0.995774285714286	0.996114285714286	0.996285714285714
0.166551831381733	0.992615925058548	0.992395784543326	0.992810304449649	0.992536299765808	0.992686182669789	0.992744730679157	0.992826697892272	0.992859484777518
0.167587267477204	0.987927051671733	0.986975683890578	0.987121580547112	0.986984802431611	0.987039513677812	0.986869300911854	0.986826747720365	0.986808510638298
0.168533851955307	0.991402234636871	0.991284916201117	0.99145530726257	0.99141061452514	0.991142458100559	0.991192737430168	0.991600558659218	0.991608938547486
0.169515265432099	0.993132716049383	0.992842592592593	0.992873456790124	0.992472222222222	0.992222222222222	0.99208950617284	0.992685185185185	0.992645061728395
0.170472225543478	0.997586956521739	0.997304347826087	0.996858695652174	0.99691847826087	0.996570652173913	0.996540760869565	0.996423913043478	0.996326086956522
0.171469508982036	0.996491017964072	0.996637724550898	0.996218562874251	0.995925149700599	0.995646706586826	0.995853293413174	0.995895209580838	0.995853293413174
0.172511359621451	0.992296529968454	0.991495268138801	0.991684542586751	0.991498422712934	0.991277602523659	0.991482649842271	0.991785488958991	0.991791798107255
0.173511751412429	0.98183615819209	0.984364406779661	0.983409604519774	0.985426553672316	0.983666666666667	0.985564971751412	0.987850282485876	0.987528248587571
0.174571133757962	0.994891719745223	0.994802547770701	0.994671974522293	0.994716560509554	0.994070063694268	0.994726114649682	0.994933121019108	0.995003184713376
0.175580119863014	0.996592465753425	0.996797945205479	0.997044520547945	0.996835616438356	0.99672602739726	0.996900684931507	0.996739726027397	0.996616438356164
0.176547384057971	0.998028985507246	0.997148550724638	0.997264492753623	0.997333333333333	0.99731884057971	0.997413043478261	0.997623188405797	0.997648550724638
0.177458433526012	0.996656069364162	0.996005780346821	0.996086705202312	0.996066473988439	0.995933526011561	0.995956647398844	0.996320809248555	0.996450867052023
0.178426179012346	0.994148148148148	0.994453703703704	0.994191358024691	0.99387037037037	0.993731481481481	0.994003086419753	0.994117283950617	0.994160493827161
0.179480022535211	0.993785915492958	0.9938	0.993591549295775	0.993670422535211	0.993428169014084	0.993540845070423	0.993329577464789	0.993461971830986
0.180553471299094	0.997498489425982	0.997519637462236	0.997416918429003	0.99743504531722	0.997283987915408	0.997359516616314	0.99726586102719	0.997302114803625
0.181567791304348	0.993663768115942	0.993460869565217	0.993597101449275	0.993402898550725	0.99343768115942	0.993449275362319	0.993484057971014	0.99355652173913
0.182556594458438	0.996476070528967	0.996352644836272	0.996405541561713	0.996549118387909	0.996541561712846	0.996571788413098	0.996518891687657	0.996657430730479
0.183532811715481	0.996050209205021	0.995230125523013	0.995029288702929	0.994953974895397	0.994497907949791	0.994861924686193	0.994949790794979	0.995205020920502
0.184437832446809	0.993989361702128	0.992667553191489	0.993005319148936	0.992992021276596	0.992135638297872	0.992382978723404	0.992595744680851	0.99301329787234
0.185452036764706	0.997305147058824	0.996606617647059	0.997022058823529	0.997033088235294	0.996676470588235	0.996639705882353	0.996378676470588	0.996533088235294
0.186513304477612	0.997677611940298	0.99705671641791	0.997122388059701	0.996928358208955	0.996737313432836	0.996782089552239	0.996626865671642	0.99669552238806
0.187512309392265	0.995729281767956	0.995290055248619	0.995458563535912	0.995491712707182	0.995450276243094	0.995544198895028	0.995823204419889	0.995936464088398
0.188553709876543	0.997268518518518	0.996262345679012	0.996549382716049	0.996206790123457	0.996243827160494	0.996182098765432	0.996373456790123	0.996324074074074
0.189608920489297	0.99402752293578	0.994449541284404	0.994464831804281	0.994284403669725	0.994235474006116	0.994284403669725	0.99434250764526	0.994360856269113
0.19050146124031	0.994282945736434	0.993759689922481	0.99381007751938	0.99356976744186	0.993492248062016	0.993356589147287	0.993271317829457	0.993306201550388
0.191420647272727	0.994436363636364	0.994556363636364	0.995170909090909	0.995327272727273	0.995116363636364	0.995458181818182	0.995512727272727	0.995374545454545
0.1924908625	0.99743125	0.997275	0.997459375	0.997253125	0.99724375	0.99704375	0.997015625	0.997021875
0.193496317919075	0.996884393063584	0.996442196531792	0.996653179190751	0.996384393063584	0.996124277456647	0.996043352601156	0.995956647398844	0.996023121387283
0.194521543396226	0.99428679245283	0.993728301886792	0.993784905660377	0.993539622641509	0.993381132075472	0.993433962264151	0.993433962264151	0.99328679245283
0.195573288590604	0.99748322147651	0.996275167785235	0.99646644295302	0.996402684563758	0.995808724832215	0.995634228187919	0.995620805369128	0.995614093959732
0.196552469230769	0.996246153846154	0.993584615384615	0.99425	0.994580769230769	0.993230769230769	0.992892307692308	0.992723076923077	0.993011538461538
0.197496023622047	0.995484251968504	0.994027559055118	0.99444094488189	0.994582677165354	0.994094488188976	0.993456692913386	0.993535433070866	0.993767716535433
0.198414209219858	0.9965	0.995890070921986	0.995968085106383	0.996021276595745	0.996148936170213	0.995957446808511	0.996085106382979	0.99604609929078
0.199457498168498	0.996684981684982	0.996476190476191	0.997043956043956	0.99667032967033	0.996545787545788	0.996688644688645	0.997014652014652	0.997058608058608
0.200526714285714	0.997619047619048	0.997156084656085	0.997455026455026	0.997267195767196	0.997304232804233	0.997621693121693	0.99768253968254	0.997621693121693
0.201497854545455	0.996516363636364	0.996138181818182	0.996098181818182	0.995810909090909	0.995752727272727	0.995567272727273	0.995585454545455	0.995756363636364
0.20254959752322	0.997142414860681	0.997461300309598	0.997510835913313	0.997386996904025	0.997312693498452	0.996786377708978	0.996851393188855	0.997077399380805
0.203511628676471	0.996702205882353	0.996632352941176	0.996231617647059	0.996117647058824	0.996095588235294	0.996194852941176	0.996323529411765	0.996419117647059
0.20448429296875	0.99815625	0.99736328125	0.99765234375	0.997	0.99684765625	0.996984375	0.9971171875	0.9970859375
0.205430046920821	0.998272727272727	0.997947214076246	0.998049853372434	0.99775073313783	0.997838709677419	0.997642228739003	0.997607038123167	0.997604105571848
0.206443460674157	0.99477808988764	0.994379213483146	0.994351123595506	0.994311797752809	0.994424157303371	0.994202247191011	0.994410112359551	0.994351123595506
0.207567808441558	0.997938311688312	0.997597402597403	0.997581168831169	0.997581168831169	0.997613636363636	0.997694805194805	0.997795454545455	0.997772727272727
0.20851670625	0.99765625	0.9969125	0.997209375	0.99709375	0.996975	0.99700625	0.99703125	0.997040625
0.209566784023669	0.997221893491124	0.99658875739645	0.996905325443787	0.996594674556213	0.996698224852071	0.99658875739645	0.996600591715976	0.996532544378698
0.210575006472492	0.993728155339806	0.991928802588997	0.992142394822007	0.992440129449838	0.992699029126214	0.992601941747573	0.992996763754045	0.993165048543689
0.211500136546185	0.996899598393574	0.995100401606426	0.995497991967871	0.996116465863454	0.996321285140562	0.995823293172691	0.996236947791165	0.996200803212851
0.212419181818182	0.998039393939394	0.998127272727273	0.997918181818182	0.997730303030303	0.997681818181818	0.997621212121212	0.997730303030303	0.997712121212121
0.213455881868132	0.992997252747253	0.992167582417582	0.992398351648352	0.992013736263736	0.991978021978022	0.991681318681319	0.991851648351648	0.991708791208791
0.214477220588235	0.997191176470588	0.996305147058824	0.996742647058824	0.996720588235294	0.996452205882353	0.996533088235294	0.9965625	0.9965
0.215504	0.997217741935484	0.996637096774194	0.996862903225806	0.996806451612903	0.996758064516129	0.996967741935484	0.996653225806452	0.996616935483871
0.216491889795918	0.982236734693878	0.981604081632653	0.982342857142857	0.982204081632653	0.982073469387755	0.982171428571429	0.982465306122449	0.982448979591837
0.217592054263566	0.997550387596899	0.997434108527132	0.997554263565891	0.997348837209302	0.997232558139535	0.996848837209302	0.99687984496124	0.996806201550388
0.218472865671642	0.997701492537313	0.997681592039801	0.997696517412935	0.997741293532338	0.997597014925373	0.997393034825871	0.997452736318408	0.99747263681592
0.219444782608696	0.993284584980237	0.993130434782609	0.993581027667984	0.993462450592885	0.993339920948617	0.992695652173913	0.992932806324111	0.992905138339921
0.220459829365079	0.994146825396825	0.993865079365079	0.993531746031746	0.993039682539683	0.992865079365079	0.992988095238095	0.993071428571429	0.993027777777778
0.221516422764228	0.993463414634146	0.992817073170732	0.993105691056911	0.993044715447154	0.99310162601626	0.993191056910569	0.993186991869919	0.993211382113821
0.222517012345679	0.992485596707819	0.991526748971193	0.991893004115226	0.991938271604938	0.991962962962963	0.992156378600823	0.992366255144033	0.992407407407407
0.22350679661017	0.998186440677966	0.998076271186441	0.997675141242938	0.997677966101695	0.997649717514124	0.997550847457627	0.997624293785311	0.997771186440678
0.224563847222222	0.994461111111111	0.994191666666667	0.994286111111111	0.99435	0.994341666666667	0.994361111111111	0.994525	0.994480555555556
0.225508660550459	0.993981651376147	0.993142201834862	0.993119266055046	0.993307339449541	0.993215596330275	0.993545871559633	0.993701834862385	0.993688073394495
0.226420577464789	0.997672535211268	0.997320422535211	0.99743661971831	0.997475352112676	0.997419014084507	0.997387323943662	0.997492957746479	0.997415492957746
0.227479751937985	0.994193798449612	0.993217054263566	0.993368217054264	0.993329457364341	0.993174418604651	0.993062015503876	0.993058139534884	0.993027131782946
0.228461177777778	0.991371428571429	0.990736507936508	0.990993650793651	0.990946031746032	0.990888888888889	0.990742857142857	0.990584126984127	0.99048253968254
0.229514524305556	0.996878472222222	0.996701388888889	0.996958333333333	0.996899305555556	0.997114583333333	0.997440972222222	0.997510416666667	0.99734375
0.230499693430657	0.997897810218978	0.997649635036496	0.997953771289538	0.997917274939173	0.997924574209246	0.997883211678832	0.997931873479319	0.997917274939173
0.231531676229508	0.99369262295082	0.993704918032787	0.99352868852459	0.993303278688525	0.993241803278688	0.993024590163934	0.992954918032787	0.992831967213115
0.232551297777778	0.988582222222222	0.989057777777778	0.988982222222222	0.988777777777778	0.988751111111111	0.989	0.989293333333333	0.98932
0.233458511945392	0.997372013651877	0.997337883959044	0.997249146757679	0.997201365187713	0.997139931740614	0.99662457337884	0.99661433447099	0.996648464163823
0.234428667785235	0.998275167785235	0.99794966442953	0.998171140939597	0.998043624161074	0.998187919463087	0.998161073825503	0.998181208053691	0.998194630872483
0.235505240963855	0.998072289156626	0.997859437751004	0.998028112449799	0.997819277108434	0.997726907630522	0.997690763052209	0.997734939759036	0.997670682730924
0.236509695205479	0.998342465753425	0.998253424657534	0.998061643835616	0.997972602739726	0.997667808219178	0.997482876712329	0.997595890410959	0.997681506849315
0.237522848605578	0.992123505976096	0.991621513944223	0.992187250996016	0.991924302788845	0.991836653386454	0.991752988047809	0.991776892430279	0.991709163346614
0.238599818867925	0.997535849056604	0.997615094339623	0.997849056603774	0.997641509433962	0.997679245283019	0.997637735849057	0.997660377358491	0.997550943396226
0.239484941176471	0.998229946524064	0.997786096256684	0.997941176470588	0.997652406417112	0.997395721925134	0.997197860962567	0.997160427807487	0.997010695187166
0.240442748	0.998484	0.998052	0.997852	0.9976	0.99746	0.997496	0.997548	0.997436
0.241488571428571	0.993523809523809	0.992510822510822	0.992727272727273	0.992458874458874	0.992320346320346	0.992290043290043	0.9924329004329	0.992367965367965
0.242534557251908	0.997927480916031	0.997507633587786	0.997614503816794	0.997526717557252	0.997591603053435	0.997625954198473	0.997748091603053	0.997774809160305
0.243492132420091	0.997337899543379	0.996840182648402	0.997082191780822	0.996981735159817	0.99696803652968	0.996767123287671	0.996954337899543	0.996958904109589
0.244485214285714	0.997342105263158	0.997056390977444	0.997281954887218	0.997075187969925	0.996966165413534	0.996721804511278	0.996872180451128	0.99684962406015
0.245559774509804	0.996245098039216	0.996632352941176	0.996642156862745	0.996343137254902	0.996313725490196	0.995960784313725	0.996122549019608	0.996039215686275
0.246515214953271	0.996654205607477	0.996677570093458	0.996822429906542	0.996724299065421	0.996565420560748	0.996514018691589	0.996911214953271	0.996869158878505
0.247436673469388	0.996518367346939	0.996628571428571	0.997134693877551	0.996795918367347	0.997044897959184	0.996914285714286	0.996955102040816	0.99690612244898
0.24847464953271	0.997224299065421	0.996864485981308	0.996915887850467	0.996771028037383	0.996691588785047	0.996556074766355	0.996682242990654	0.996584112149533
0.249550440397351	0.993281456953642	0.993049668874172	0.993450331125828	0.99314238410596	0.993182119205298	0.99335761589404	0.993506622516556	0.993430463576159
0.250553604026846	0.997664429530201	0.997520134228188	0.997610738255034	0.997624161073825	0.997624161073825	0.997493288590604	0.99739932885906	0.997385906040268
0.251532238095238	0.998424603174603	0.99797619047619	0.997944444444444	0.997873015873016	0.997809523809524	0.997861111111111	0.997904761904762	0.997853174603175
0.252589330065359	0.99778431372549	0.997261437908497	0.997539215686274	0.997362745098039	0.997447712418301	0.997460784313726	0.997676470588235	0.997562091503268
0.253500815286624	0.99768152866242	0.997095541401274	0.996210191082803	0.996127388535032	0.996197452229299	0.996101910828025	0.996152866242038	0.996082802547771
0.254397425	0.996925	0.996167857142857	0.996478571428571	0.996557142857143	0.996496428571429	0.996639285714286	0.996703571428571	0.996682142857143
0.25544982300885	0.997256637168142	0.996730088495575	0.996796460176991	0.996601769911504	0.996570796460177	0.996553097345133	0.99675221238938	0.996769911504425
0.256498387096774	0.99695564516129	0.99641935483871	0.996612903225806	0.996620967741936	0.996286290322581	0.996020161290323	0.996129032258064	0.996084677419355
0.257515220973783	0.997411985018727	0.997172284644195	0.997213483146067	0.997131086142322	0.996970037453183	0.997056179775281	0.997228464419476	0.997134831460674
0.258509883636364	0.993658181818182	0.991836363636364	0.992236363636364	0.992632727272727	0.992221818181818	0.992970909090909	0.993210909090909	0.992970909090909
0.259543435483871	0.997286290322581	0.996983870967742	0.99725	0.996963709677419	0.997040322580645	0.997129032258064	0.997399193548387	0.997334677419355
0.260514055555556	0.992227777777778	0.991394444444444	0.991422222222222	0.991222222222222	0.991116666666667	0.991194444444444	0.991294444444444	0.991155555555556
0.261398505300353	0.998657243816254	0.998116607773852	0.998183745583039	0.998035335689046	0.998049469964664	0.997946996466431	0.997982332155477	0.997879858657244
0.262483018867925	0.997141509433962	0.996900943396226	0.997160377358491	0.996924528301887	0.996966981132075	0.997028301886792	0.997089622641509	0.99702358490566
0.263537053231939	0.994041825095057	0.993916349809886	0.994030418250951	0.993931558935361	0.993939163498099	0.993817490494297	0.993863117870722	0.993859315589354
0.264505597402597	0.993493506493507	0.993359307359307	0.99374025974026	0.993623376623377	0.993718614718615	0.993714285714286	0.993761904761905	0.993744588744589
0.265556828897338	0.99812927756654	0.997737642585551	0.997749049429658	0.997699619771863	0.997714828897338	0.99745247148289	0.997505703422053	0.997520912547529
0.266561617977528	0.993385767790262	0.993430711610487	0.993445692883895	0.993456928838951	0.993468164794007	0.993749063670412	0.99365543071161	0.993576779026217
0.267521753191489	0.998	0.997263829787234	0.997587234042553	0.997446808510638	0.99731914893617	0.997251063829787	0.997310638297872	0.997208510638298
0.268409369281046	0.993486928104575	0.993232026143791	0.993549019607843	0.993408496732026	0.993516339869281	0.993699346405229	0.99378431372549	0.993826797385621
0.269458916030534	0.997106870229008	0.997301526717557	0.9975	0.997164122137405	0.997202290076336	0.997030534351145	0.997179389312977	0.997259541984733
0.270509346428571	0.995153571428571	0.994782142857143	0.994692857142857	0.994453571428571	0.994421428571429	0.994346428571429	0.994485714285714	0.994321428571429
0.271482841880342	0.996961538461538	0.99665811965812	0.996495726495726	0.996555555555556	0.996730769230769	0.996598290598291	0.996735042735043	0.996679487179487
0.272540715909091	0.996844696969697	0.996583333333333	0.996776515151515	0.996613636363636	0.996587121212121	0.996734848484849	0.99694696969697	0.996909090909091
0.273569627118644	0.998	0.997703389830508	0.997923728813559	0.99793220338983	0.997940677966102	0.997622881355932	0.997521186440678	0.997576271186441
0.274515374100719	0.990758992805755	0.990856115107914	0.990985611510791	0.990730215827338	0.990773381294964	0.990737410071942	0.990863309352518	0.990748201438849
0.275429604361371	0.992373831775701	0.991906542056075	0.991890965732087	0.991688473520249	0.991694704049844	0.991501557632399	0.991647975077882	0.991551401869159
0.276477364754098	0.998090163934426	0.997959016393443	0.998258196721311	0.998094262295082	0.997860655737705	0.99752868852459	0.997418032786885	0.997352459016393
0.277478995850622	0.998257261410788	0.99749377593361	0.997502074688797	0.997502074688797	0.997307053941909	0.99704979253112	0.997174273858921	0.997170124481328
0.278463400881057	0.997651982378855	0.995991189427313	0.996312775330397	0.996286343612335	0.996299559471366	0.996625550660793	0.996704845814978	0.996678414096916
0.279553903669725	0.996981651376147	0.99643119266055	0.997018348623853	0.997169724770642	0.99704128440367	0.997059633027523	0.99702752293578	0.99704128440367
0.280589738181818	0.997236363636364	0.996963636363636	0.997043636363636	0.9968	0.996890909090909	0.996923636363636	0.996927272727273	0.996901818181818
0.281482672794118	0.998051470588235	0.998136029411765	0.998176470588235	0.997827205882353	0.997805147058824	0.997709558823529	0.997661764705882	0.997591911764706
0.282444592356688	0.995242038216561	0.99496178343949	0.995015923566879	0.994929936305732	0.994955414012739	0.994872611464968	0.995028662420382	0.994990445859873
0.283412618867925	0.994471698113208	0.994184905660377	0.994354716981132	0.994520754716981	0.994596226415094	0.994475471698113	0.994498113207547	0.994418867924528
0.284386272435897	0.994458333333333	0.993974358974359	0.994262820512821	0.994176282051282	0.994121794871795	0.994182692307692	0.99438782051282	0.994259615384615
0.285530252595156	0.99443598615917	0.994031141868512	0.994273356401384	0.99416955017301	0.99422491349481	0.994283737024221	0.994384083044983	0.99443598615917
0.286527573643411	0.997507751937984	0.997406976744186	0.997054263565891	0.997050387596899	0.99715503875969	0.997434108527132	0.997581395348837	0.997585271317829
0.287565386029412	0.998305147058824	0.997455882352941	0.997558823529412	0.997580882352941	0.997643382352941	0.997492647058824	0.997477941176471	0.997419117647059
0.288488368131868	0.998071428571429	0.997208791208791	0.997543956043956	0.997725274725275	0.997703296703297	0.997340659340659	0.997208791208791	0.99717032967033
0.28942397107438	0.996512396694215	0.996140495867769	0.99604132231405	0.995871900826446	0.995780991735537	0.995706611570248	0.995723140495868	0.995685950413223
0.290441887218045	0.998172932330827	0.997815789473684	0.998022556390977	0.99793984962406	0.998086466165414	0.998067669172932	0.997947368421053	0.997898496240601
0.291450737089202	0.997215962441314	0.996446009389671	0.996333333333333	0.996	0.995845070422535	0.996089201877934	0.996056338028169	0.996014084507042
0.292479261083744	0.998315270935961	0.99764039408867	0.997704433497537	0.99756157635468	0.997748768472906	0.997492610837438	0.997571428571429	0.997635467980296
0.293530871111111	0.997	0.99708	0.997151111111111	0.997106666666667	0.997111111111111	0.996751111111111	0.996875555555556	0.996853333333333
0.294590111553785	0.998151394422311	0.997677290836653	0.997752988047809	0.997585657370518	0.997266932270916	0.997103585657371	0.997131474103586	0.997171314741036
0.295517268722467	0.998616740088106	0.99842731277533	0.998484581497797	0.998242290748899	0.998251101321586	0.998339207048458	0.998418502202643	0.998325991189427
0.296403524904215	0.997789272030651	0.997712643678161	0.997701149425287	0.997750957854406	0.997674329501916	0.997812260536398	0.997846743295019	0.997727969348659
0.297436303278689	0.992799180327869	0.992622950819672	0.992963114754098	0.99272131147541	0.992790983606557	0.992340163934426	0.992409836065574	0.992385245901639
0.298513703389831	0.997161016949152	0.996398305084746	0.996610169491525	0.996457627118644	0.996491525423729	0.996453389830508	0.996423728813559	0.996385593220339
0.299530119402985	0.998067164179104	0.997794776119403	0.997902985074627	0.997839552238806	0.997888059701493	0.997727611940298	0.997824626865672	0.997779850746269
0.300535078947368	0.996289473684211	0.995748120300752	0.996142857142857	0.996214285714286	0.996270676691729	0.996421052631579	0.996552631578947	0.996492481203007
0.301549856521739	0.998460869565217	0.998495652173913	0.998139130434783	0.997947826086957	0.997991304347826	0.997760869565217	0.997865217391304	0.997860869565217
0.302465638095238	0.998352380952381	0.997957142857143	0.997804761904762	0.997790476190476	0.997638095238095	0.997761904761905	0.997614285714286	0.997642857142857
0.303435261603376	0.996814345991561	0.99684388185654	0.997008438818565	0.99689029535865	0.996924050632911	0.99662447257384	0.996573839662447	0.996628691983122
0.304407703557312	0.992252964426877	0.992434782608696	0.992766798418972	0.992798418972332	0.992928853754941	0.993162055335968	0.993296442687747	0.993237154150198
0.305480228310502	0.997214611872146	0.996945205479452	0.996872146118721	0.996767123287671	0.996767123287671	0.996648401826484	0.996543378995434	0.996493150684931
0.306537765625	0.996359375	0.99609765625	0.99578125	0.9958359375	0.9957578125	0.995953125	0.99596875	0.99586328125
0.30752098630137	0.997333333333333	0.996913242009132	0.996899543378995	0.996648401826484	0.996593607305936	0.996529680365297	0.996684931506849	0.996538812785388
0.30853769124424	0.998239631336405	0.997695852534562	0.997746543778802	0.997834101382489	0.9976866359447	0.997608294930876	0.997815668202765	0.997815668202765
0.309496642857143	0.993082417582418	0.992258241758242	0.992236263736264	0.992197802197802	0.992269230769231	0.992175824175824	0.992351648351648	0.992373626373626
0.3104274784689	0.998023923444976	0.997775119617225	0.997832535885168	0.99777033492823	0.997688995215311	0.997842105263158	0.997961722488038	0.99788995215311
0.311492993464052	0.998303921568627	0.997901960784314	0.998052287581699	0.997748366013072	0.997656862745098	0.997676470588235	0.997777777777778	0.99768954248366
0.312451479400749	0.996524344569288	0.99587265917603	0.995921348314607	0.995685393258427	0.995677902621723	0.995411985018727	0.995426966292135	0.995247191011236
0.31348394977169	0.997611872146119	0.997164383561644	0.996890410958904	0.99658904109589	0.996465753424657	0.996616438356164	0.996785388127854	0.99675799086758
0.314544995918367	0.993685714285714	0.993159183673469	0.993269387755102	0.993355102040816	0.993289795918367	0.993126530612245	0.993057142857143	0.993077551020408
0.315563880952381	0.997301587301587	0.996900793650794	0.997126984126984	0.997075396825397	0.996940476190476	0.996912698412698	0.997063492063492	0.996972222222222
0.316468289256198	0.993247933884298	0.992971074380165	0.992557851239669	0.992409090909091	0.992297520661157	0.992367768595041	0.992698347107438	0.992756198347107
0.3174275	0.996955056179775	0.997151685393258	0.997544943820225	0.997331460674157	0.997438202247191	0.997230337078652	0.997202247191011	0.997219101123595
0.318462	0.998475836431227	0.997985130111524	0.99807063197026	0.998104089219331	0.998055762081784	0.997925650557621	0.997828996282528	0.997851301115242
0.319445932735426	0.998260089686099	0.998165919282511	0.998130044843049	0.997977578475336	0.99795067264574	0.997807174887892	0.997982062780269	0.997887892376682
0.320465523076923	0.996573076923077	0.996926923076923	0.997107692307692	0.997123076923077	0.997153846153846	0.996915384615385	0.996953846153846	0.9969
0.321517310077519	0.994868217054264	0.994523255813954	0.994422480620155	0.994170542635659	0.994170542635659	0.994100775193798	0.994	0.993988372093023
0.322581859872611	0.994722929936306	0.993474522292994	0.994127388535032	0.994429936305733	0.994531847133758	0.994847133757962	0.994875796178344	0.994824840764331
0.323453643979058	0.998465968586387	0.998005235602094	0.997921465968586	0.997994764397906	0.997858638743455	0.997544502617801	0.997602094240838	0.99751832460733
0.324427510917031	0.989375545851528	0.988737991266376	0.988938864628821	0.988707423580786	0.988497816593886	0.988532751091703	0.988580786026201	0.988493449781659
0.325438716894977	0.996767123287671	0.996538812785388	0.996716894977169	0.996607305936073	0.996785388127854	0.996817351598174	0.996808219178082	0.996853881278539
0.326488962162162	0.992405405405405	0.992194594594595	0.992345945945946	0.992189189189189	0.992297297297297	0.992021621621622	0.991994594594595	0.992027027027027
0.327501079365079	0.998592592592593	0.998026455026455	0.998095238095238	0.998047619047619	0.99815873015873	0.997873015873016	0.997846560846561	0.997804232804233
0.328506872483221	0.995241610738255	0.995124161073826	0.995261744966443	0.995288590604027	0.995285234899329	0.995127516778524	0.995093959731544	0.995097315436242
0.329522938931298	0.998580152671756	0.998557251908397	0.998370229007634	0.998458015267176	0.998259541984733	0.997931297709924	0.998129770992366	0.998160305343511
0.330584829268293	0.992868292682927	0.992068292682927	0.992258536585366	0.992078048780488	0.992151219512195	0.992185365853659	0.992146341463415	0.992224390243902
0.331511687150838	0.997575418994413	0.996731843575419	0.996983240223464	0.997016759776536	0.997100558659218	0.997240223463687	0.997262569832402	0.997296089385475
0.332463967213115	0.993516393442623	0.993487704918033	0.993483606557377	0.993393442622951	0.99344262295082	0.993688524590164	0.993700819672131	0.993590163934426
0.333479003952569	0.997241106719368	0.997055335968379	0.997079051383399	0.996758893280632	0.996616600790514	0.996434782608696	0.996474308300395	0.996430830039526
0.334478900900901	0.998243243243243	0.99727027027027	0.997617117117117	0.997342342342342	0.997310810810811	0.997432432432432	0.997468468468468	0.99745045045045
0.335596977695167	0.993438661710037	0.993494423791822	0.993628252788104	0.993423791821561	0.993390334572491	0.9932156133829	0.993442379182156	0.993349442379182
0.336566460251046	0.998347280334728	0.997987447698745	0.998271966527197	0.998041841004184	0.997970711297071	0.997857740585774	0.998083682008368	0.998008368200837
0.337641967871486	0.992759036144578	0.993092369477912	0.993301204819277	0.99310843373494	0.993152610441767	0.99295983935743	0.992991967871486	0.992907630522088
0.338513526595745	0.999037234042553	0.998281914893617	0.998074468085106	0.99786170212766	0.997829787234043	0.997952127659574	0.99813829787234	0.998085106382979
0.339470987234043	0.997587234042553	0.996770212765957	0.996987234042553	0.997114893617021	0.996889361702128	0.996782978723404	0.996914893617021	0.996927659574468
0.340439365019011	0.998391634980989	0.998133079847909	0.998319391634981	0.998098859315589	0.998125475285171	0.998121673003802	0.998117870722433	0.998144486692015
0.341467361702128	0.998578723404255	0.998008510638298	0.99811914893617	0.998068085106383	0.998093617021277	0.998055319148936	0.997923404255319	0.997906382978723
0.342487351758794	0.998447236180904	0.998316582914573	0.99821608040201	0.998140703517588	0.997984924623116	0.997839195979899	0.997974874371859	0.998
0.34355130726257	0.997782122905028	0.997279329608939	0.997201117318436	0.996977653631285	0.997	0.996966480446927	0.996988826815642	0.996988826815642
0.344595321285141	0.997036144578313	0.997385542168675	0.997819277108434	0.997582329317269	0.997626506024096	0.997578313253012	0.997726907630522	0.997622489959839
0.345503166666667	0.997235294117647	0.99743137254902	0.997450980392157	0.997328431372549	0.997058823529412	0.997088235294118	0.997348039215686	0.997303921568627
0.34645692760181	0.993122171945701	0.992990950226244	0.99283257918552	0.992678733031674	0.992683257918552	0.992651583710407	0.992769230769231	0.992796380090498
0.347466496453901	0.998521276595745	0.99808865248227	0.998085106382979	0.998166666666667	0.998205673758865	0.997886524822695	0.997914893617021	0.997790780141844
0.348479458715596	0.984440366972477	0.983848623853211	0.98393119266055	0.984022935779816	0.983940366972477	0.983724770642202	0.983591743119266	0.983587155963303
0.349525493023256	0.992348837209302	0.991706976744186	0.992046511627907	0.991786046511628	0.991739534883721	0.991897674418605	0.991832558139535	0.991953488372093
0.350569484848485	0.997387878787879	0.997084848484848	0.997115151515152	0.997093939393939	0.997072727272727	0.996772727272727	0.996754545454545	0.996693939393939
0.351576739130435	0.998365217391304	0.998230434782609	0.998234782608696	0.997795652173913	0.997830434782609	0.997782608695652	0.997678260869565	0.997717391304348
0.35251277	0.998605	0.997835	0.99748	0.9974	0.997385	0.99736	0.99734	0.99732
0.353433544600939	0.998525821596244	0.998093896713615	0.998286384976526	0.998140845070423	0.998183098591549	0.998206572769953	0.998413145539906	0.998403755868545
0.354514521929825	0.995960526315789	0.996447368421053	0.996675438596491	0.996798245614035	0.996622807017544	0.996359649122807	0.996535087719298	0.996614035087719
0.355506430327869	0.997622950819672	0.997127049180328	0.99730737704918	0.997151639344262	0.996930327868852	0.997204918032787	0.997344262295082	0.997385245901639
0.356491626865672	0.995830845771144	0.995965174129353	0.99636815920398	0.996517412935323	0.99652736318408	0.996626865671642	0.996791044776119	0.996850746268657
0.357591794520548	0.995009132420091	0.994575342465753	0.994657534246575	0.99503196347032	0.994698630136986	0.994260273972603	0.994680365296804	0.994575342465753
0.358566333333333	0.994966666666667	0.995185714285714	0.995490476190476	0.995652380952381	0.995485714285714	0.995209523809524	0.9955	0.995476190476191
0.359511221590909	0.9909375	0.990323863636364	0.990318181818182	0.990636363636364	0.990630681818182	0.990585227272727	0.990857954545455	0.990721590909091
0.360448725738397	0.996388185654008	0.996704641350211	0.996696202531646	0.996628691983122	0.996451476793249	0.996198312236287	0.996303797468354	0.996270042194093
0.361448231707317	0.998252032520325	0.997991869918699	0.997979674796748	0.997849593495935	0.997817073170732	0.997548780487805	0.997552845528455	0.997422764227642
0.362504970930233	0.997447674418605	0.996837209302326	0.996831395348837	0.996656976744186	0.996662790697674	0.996645348837209	0.996889534883721	0.99678488372093
0.363532260663507	0.991976303317536	0.99185308056872	0.99175355450237	0.99181990521327	0.9920663507109	0.991739336492891	0.99185308056872	0.991691943127962
0.364592482300885	0.997575221238938	0.997659292035398	0.997601769911504	0.997592920353982	0.997601769911504	0.997672566371681	0.997765486725664	0.997712389380531
0.365578925373134	0.997189054726368	0.996194029850746	0.996562189054726	0.996308457711443	0.996293532338308	0.996159203980099	0.996348258706468	0.99644776119403
0.366527096590909	0.995732954545455	0.994977272727273	0.995011363636364	0.994806818181818	0.99525	0.995318181818182	0.995585227272727	0.995744318181818
0.36745945	0.997272727272727	0.997213636363636	0.997359090909091	0.997313636363636	0.997190909090909	0.997272727272727	0.997327272727273	0.997336363636364
0.368468596638655	0.99168487394958	0.991621848739496	0.99186974789916	0.992121848739496	0.991953781512605	0.991659663865546	0.991693277310924	0.991806722689076
0.369480468085106	0.998310638297872	0.998034042553192	0.997978723404255	0.997834042553192	0.9978	0.99771914893617	0.997774468085106	0.99763829787234
0.370499857723577	0.989585365853659	0.98930081300813	0.989451219512195	0.989540650406504	0.989686991869919	0.989491869918699	0.989581300813008	0.989451219512195
0.371583839857651	0.989594306049822	0.989779359430605	0.989690391459075	0.989316725978648	0.989245551601423	0.989113879003559	0.989370106761566	0.989391459074733
0.372556435344828	0.997181034482759	0.99735775862069	0.997525862068966	0.997504310344828	0.997534482758621	0.997637931034483	0.997827586206897	0.997806034482759
0.373442392344498	0.992751196172249	0.991928229665072	0.991708133971292	0.991617224880383	0.991679425837321	0.991784688995215	0.992162679425837	0.992138755980861
0.374397243478261	0.993278260869565	0.992665217391304	0.992839130434783	0.992734782608696	0.992613043478261	0.992595652173913	0.992708695652174	0.992652173913044
0.375478707224335	0.998003802281369	0.997737642585551	0.997946768060836	0.997790874524715	0.997726235741445	0.99748288973384	0.997596958174905	0.997631178707224
0.376465701298701	0.997766233766234	0.997731601731602	0.998012987012987	0.998038961038961	0.998082251082251	0.99830303030303	0.998290043290043	0.998203463203463
0.377544361256545	0.998748691099476	0.99834554973822	0.998141361256545	0.997994764397906	0.997858638743455	0.997732984293194	0.99779057591623	0.997659685863874
0.378600265116279	0.993060465116279	0.993074418604651	0.993427906976744	0.993311627906977	0.993376744186046	0.993274418604651	0.993418604651163	0.993306976744186
0.379544543568465	0.989900414937759	0.989522821576764	0.989597510373444	0.989692946058091	0.989680497925311	0.989605809128631	0.989697095435685	0.989738589211618
0.380532014851485	0.983732673267327	0.982806930693069	0.982841584158416	0.982905940594059	0.982777227722772	0.982688118811881	0.982742574257426	0.982727722772277
0.381371739463602	0.993793103448276	0.993471264367816	0.99355938697318	0.993264367816092	0.993452107279693	0.993298850574713	0.993199233716475	0.993210727969349
0.382472306772908	0.997302788844622	0.997593625498008	0.997892430278884	0.997772908366534	0.997653386454183	0.997780876494024	0.997816733067729	0.997840637450199
0.383510452488688	0.997027149321267	0.996529411764706	0.996918552036199	0.996886877828054	0.996773755656109	0.996796380090498	0.996692307692308	0.996800904977376
0.384567107317073	0.997912195121951	0.997863414634146	0.9978	0.997819512195122	0.997951219512195	0.998014634146342	0.99790243902439	0.997790243902439
0.385580209606987	0.998772925764192	0.99853711790393	0.998148471615721	0.998078602620087	0.998052401746725	0.997912663755459	0.99782096069869	0.997829694323144
0.38650806	0.99839	0.99819	0.99809	0.997995	0.99789	0.997495	0.99749	0.99761
0.387505539325843	0.997033707865169	0.99638202247191	0.99664606741573	0.996691011235955	0.996539325842697	0.996325842696629	0.996533707865168	0.996438202247191
0.388454597087379	0.992674757281553	0.991446601941748	0.991834951456311	0.991985436893204	0.991708737864078	0.991519417475728	0.991771844660194	0.991665048543689
0.389431095435685	0.993551867219917	0.993215767634855	0.993539419087137	0.993356846473029	0.993265560165975	0.993182572614108	0.993207468879668	0.993153526970954
0.390516614583333	0.998494791666667	0.997890625	0.998057291666667	0.997869791666667	0.997895833333333	0.997848958333333	0.997895833333333	0.99790625
0.391538458333333	0.9937875	0.993645833333333	0.993666666666667	0.9937125	0.993595833333333	0.9934	0.993341666666667	0.993308333333333
0.392540298804781	0.997434262948207	0.996816733067729	0.996705179282869	0.996346613545817	0.996262948207171	0.996187250996016	0.996266932270916	0.996247011952191
0.393585300813008	0.997317073170732	0.997121951219512	0.997304878048781	0.99729674796748	0.997378048780488	0.997556910569106	0.997735772357724	0.997772357723577
0.394483015	0.997595	0.996865	0.99708	0.99712	0.99706	0.99698	0.997095	0.99702
0.395447213483146	0.997112359550562	0.996730337078652	0.996977528089888	0.997089887640449	0.996932584269663	0.996816479400749	0.996943820224719	0.996913857677903
0.396404929515419	0.994057268722467	0.993863436123348	0.994088105726872	0.993674008810573	0.993616740088106	0.993607929515419	0.993643171806167	0.993607929515419
0.397499889361702	0.998046808510638	0.997595744680851	0.997497872340426	0.997497872340426	0.997493617021277	0.997408510638298	0.997446808510638	0.997476595744681
0.398551039215686	0.998603921568627	0.998086274509804	0.99816862745098	0.998086274509804	0.997945098039216	0.998019607843137	0.998141176470588	0.998062745098039
0.399528556420233	0.998373540856031	0.997677042801556	0.997715953307393	0.99756420233463	0.997501945525292	0.997396887159533	0.997490272373541	0.997451361867704
0.400550292537313	0.998149253731343	0.997710447761194	0.997773134328358	0.997689552238806	0.997683582089552	0.997770149253731	0.997859701492537	0.997853731343284
0.401531666666667	0.99756338028169	0.996995305164319	0.997300469483568	0.997356807511737	0.997258215962441	0.9971220657277	0.997201877934272	0.997220657276995
0.402453109433962	0.993796226415094	0.993898113207547	0.993969811320755	0.993871698113208	0.993796226415094	0.993901886792453	0.993890566037736	0.993875471698113
0.40347393728223	0.998080139372822	0.997825783972125	0.997898954703833	0.997616724738676	0.997707317073171	0.997696864111498	0.997864111498258	0.997801393728223
0.404482757785467	0.998318339100346	0.997833910034602	0.997674740484429	0.997553633217993	0.997480968858132	0.997470588235294	0.99763321799308	0.997640138408304
0.405507076433121	0.995891719745223	0.995248407643312	0.995458598726115	0.995385350318471	0.995292993630573	0.995388535031847	0.995372611464968	0.995353503184713
0.406528761245675	0.998228373702422	0.998065743944637	0.998128027681661	0.997955017301038	0.9979723183391	0.997941176470588	0.997989619377163	0.998020761245675
0.407624064516129	0.987851612903226	0.9878	0.988045161290323	0.98801935483871	0.98808064516129	0.98808064516129	0.98821935483871	0.988212903225806
0.408467098214286	0.9985625	0.997901785714286	0.99815625	0.998075892857143	0.998227678571429	0.99840625	0.9985625	0.998508928571429
0.409422995633188	0.994554585152838	0.993528384279476	0.993755458515284	0.993724890829694	0.993781659388646	0.993585152838428	0.993558951965065	0.993545851528384
0.410442271551724	0.997116379310345	0.996961206896552	0.997189655172414	0.997051724137931	0.996814655172414	0.99689224137931	0.996991379310345	0.996974137931035
0.411504212355212	0.986571428571429	0.986247104247104	0.986451737451737	0.986100386100386	0.98607722007722	0.985474903474904	0.985810810810811	0.985915057915058
0.412517411538462	0.99425	0.993730769230769	0.994003846153846	0.993876923076923	0.993761538461538	0.993657692307692	0.993803846153846	0.993665384615385
0.413567736434109	0.997786821705426	0.997437984496124	0.997658914728682	0.997666666666667	0.997604651162791	0.99753488372093	0.99768992248062	0.997658914728682
0.414529572519084	0.998572519083969	0.997603053435114	0.99763358778626	0.997549618320611	0.997591603053435	0.997557251908397	0.997549618320611	0.997549618320611
0.415494005181347	0.992927461139896	0.993176165803109	0.993331606217617	0.993238341968912	0.993253886010363	0.992984455958549	0.993056994818653	0.992948186528497
0.416429823770492	0.996536885245902	0.99597131147541	0.996225409836066	0.996040983606557	0.995963114754098	0.995954918032787	0.996053278688525	0.996081967213115
0.417421705882353	0.985850267379679	0.98607486631016	0.986326203208556	0.986032085561497	0.985973262032086	0.98551871657754	0.985427807486631	0.985417112299465
0.418486182320442	0.99760773480663	0.997458563535912	0.997629834254144	0.997546961325967	0.997563535911602	0.997618784530387	0.997447513812155	0.997469613259669
0.419478641791045	0.997828358208955	0.997847014925373	0.998063432835821	0.997888059701493	0.997966417910448	0.997805970149254	0.997921641791045	0.997914179104478
0.420600321212121	0.998778787878788	0.998642424242424	0.998787878787879	0.998775757575758	0.9988	0.998727272727273	0.998606060606061	0.998606060606061
0.421540161073826	0.994577181208054	0.994322147651007	0.994536912751678	0.994469798657718	0.994325503355705	0.994281879194631	0.994144295302013	0.994070469798658
0.42246335078534	0.998424083769634	0.998198952879581	0.998314136125654	0.998146596858639	0.998089005235602	0.997994764397906	0.998104712041885	0.998162303664921
0.423406343347639	0.996931330472103	0.997137339055794	0.997240343347639	0.9968669527897	0.996892703862661	0.996858369098712	0.996944206008584	0.996901287553648
0.424482957377049	0.998914754098361	0.998573770491803	0.998377049180328	0.998403278688525	0.998367213114754	0.998393442622951	0.998416393442623	0.998340983606557
0.425477076555024	0.997416267942584	0.997459330143541	0.997698564593301	0.997574162679426	0.997464114832536	0.997349282296651	0.997373205741627	0.997334928229665
0.42652686637931	0.99351724137931	0.99298275862069	0.993030172413793	0.992978448275862	0.992995689655172	0.992784482758621	0.992620689655172	0.992577586206897
0.427538604316547	0.993708633093525	0.993269784172662	0.993687050359712	0.99368345323741	0.993715827338129	0.993687050359712	0.993798561151079	0.993751798561151
0.42851484063745	0.993649402390438	0.993350597609562	0.993629482071713	0.993505976095618	0.993482071713147	0.993482071713147	0.993605577689243	0.993517928286853
0.429529971590909	0.991284090909091	0.991096590909091	0.990806818181818	0.990755681818182	0.990715909090909	0.990363636363636	0.990392045454545	0.990340909090909
0.430423412765957	0.998608510638298	0.998348936170213	0.998131914893617	0.99791914893617	0.997889361702128	0.997714893617021	0.99783829787234	0.997817021276596
0.431428100877193	0.998324561403509	0.998008771929825	0.998241228070175	0.998074561403509	0.997925438596491	0.997820175438596	0.997899122807018	0.997842105263158
0.432465645	0.99602	0.99567	0.995955	0.995735	0.99596	0.99569	0.9959	0.99604
0.433503788530466	0.997974910394265	0.997548387096774	0.997702508960573	0.997774193548387	0.997781362007168	0.997598566308244	0.997566308243728	0.997612903225806
0.434569747933884	0.994086776859504	0.993789256198347	0.993772727272727	0.993764462809917	0.993880165289256	0.993723140495868	0.993855371900826	0.993884297520661
0.4355644375	0.9988625	0.998258333333333	0.998283333333333	0.998204166666667	0.998179166666667	0.998220833333333	0.998279166666667	0.9982
0.436504057291667	0.992739583333333	0.992072916666667	0.992401041666667	0.992380208333333	0.9925	0.992161458333333	0.992208333333333	0.992192708333333
0.437462427272727	0.998409090909091	0.998104545454545	0.998068181818182	0.997831818181818	0.997795454545455	0.997590909090909	0.997618181818182	0.997563636363636
0.438495652777778	0.997902777777778	0.997541666666667	0.997856481481481	0.997560185185185	0.997625	0.997333333333333	0.997393518518519	0.997361111111111
0.439506433198381	0.998271255060729	0.997740890688259	0.997910931174089	0.99787044534413	0.997975708502024	0.997607287449393	0.997647773279352	0.997744939271255
0.440527271794872	0.992615384615385	0.99205641025641	0.992230769230769	0.992225641025641	0.992220512820513	0.992333333333333	0.992558974358974	0.992441025641026
0.441521059907834	0.996437788018433	0.996622119815668	0.996852534562212	0.996645161290323	0.996746543778802	0.996658986175115	0.996769585253456	0.996700460829493
0.442538251141552	0.991315068493151	0.991278538812785	0.991420091324201	0.991598173515982	0.991511415525114	0.991429223744292	0.991639269406393	0.99151598173516
0.443558408602151	0.99147311827957	0.990752688172043	0.991284946236559	0.991123655913978	0.991258064516129	0.991403225806452	0.991467741935484	0.991430107526882
0.444447081560284	0.997258865248227	0.997234042553191	0.997379432624113	0.997450354609929	0.997393617021277	0.996684397163121	0.996620567375887	0.996719858156028
0.445489833976834	0.99703861003861	0.996420849420849	0.996621621621622	0.996301158301158	0.996227799227799	0.996312741312741	0.99650193050193	0.996436293436293
0.446426792727273	0.996163636363636	0.996538181818182	0.996643636363636	0.996727272727273	0.99688	0.996705454545455	0.996909090909091	0.996887272727273
0.447529887254902	0.992602941176471	0.99256862745098	0.992593137254902	0.992588235294118	0.992509803921569	0.99253431372549	0.992622549019608	0.992676470588235
0.44853886328125	0.9864140625	0.98624609375	0.98615234375	0.98628515625	0.98635546875	0.9860234375	0.98608203125	0.98608203125
0.449561198555957	0.983516245487365	0.98298916967509	0.983083032490975	0.983039711191336	0.983086642599278	0.982978339350181	0.983191335740072	0.983162454873646
0.450507511904762	0.998958333333333	0.998130952380952	0.998279761904762	0.998089285714286	0.998089285714286	0.998172619047619	0.998190476190476	0.998178571428571
0.45143156372549	0.997705882352941	0.997352941176471	0.997269607843137	0.99718137254902	0.99721568627451	0.997166666666667	0.99731862745098	0.997308823529412
0.45251885106383	0.997310638297872	0.996787234042553	0.996744680851064	0.996731914893617	0.996663829787234	0.996404255319149	0.996591489361702	0.99656170212766
0.453459815899582	0.994481171548117	0.993744769874477	0.993765690376569	0.993836820083682	0.993828451882845	0.993732217573222	0.993786610878661	0.99381589958159
0.454512636	0.998532	0.998068	0.998108	0.998076	0.99798	0.997812	0.997704	0.997656
0.4555098	0.994388679245283	0.993860377358491	0.993871698113208	0.993769811320755	0.993603773584906	0.993449056603774	0.993516981132075	0.993467924528302
0.45655109047619	0.99727619047619	0.997128571428571	0.997133333333333	0.997342857142857	0.997157142857143	0.996980952380952	0.997085714285714	0.997090476190476
0.457511371287129	0.998237623762376	0.998029702970297	0.998014851485149	0.997965346534654	0.997985148514852	0.997732673267327	0.997732673267327	0.997722772277228
0.458432958525346	0.993377880184332	0.993281105990783	0.993059907834101	0.992995391705069	0.992760368663595	0.992691244239631	0.992764976958525	0.992774193548387
0.459448760368664	0.997548387096774	0.997529953917051	0.997723502304147	0.997599078341014	0.997626728110599	0.997552995391705	0.99752534562212	0.99752534562212
0.460480602678571	0.998241071428571	0.997982142857143	0.997870535714286	0.9975625	0.997513392857143	0.99734375	0.997433035714286	0.997352678571429
0.461542130232558	0.997386046511628	0.99706511627907	0.997060465116279	0.996744186046512	0.996809302325581	0.996493023255814	0.996520930232558	0.996483720930233
0.462538920560748	0.993359813084112	0.993219626168224	0.993046728971963	0.992827102803738	0.992738317757009	0.992728971962617	0.992920560747664	0.992920560747664
0.463523429223744	0.997388127853881	0.997397260273973	0.997401826484018	0.997420091324201	0.997214611872146	0.996940639269406	0.99689497716895	0.996899543378995
0.464460881578947	0.997855263157895	0.997967105263158	0.998184210526316	0.998105263157895	0.998151315789474	0.997552631578947	0.997815789473684	0.997809210526316
0.465429099009901	0.997445544554455	0.997306930693069	0.997262376237624	0.996717821782178	0.99689603960396	0.996737623762376	0.99690099009901	0.996861386138614
0.466481721925134	0.992363636363636	0.99144385026738	0.991807486631016	0.991839572192513	0.99168449197861	0.991614973262032	0.991695187165775	0.991497326203209
0.467483890295359	0.996696202531646	0.996451476793249	0.996789029535865	0.996400843881857	0.996400843881857	0.996253164556962	0.996286919831224	0.996278481012658
0.468507164383562	0.992762557077626	0.99241095890411	0.992557077625571	0.99224200913242	0.992118721461187	0.992022831050228	0.992041095890411	0.991990867579909
0.469539611353712	0.997558951965065	0.996873362445415	0.997039301310044	0.996912663755459	0.996912663755459	0.996834061135371	0.99674672489083	0.99671615720524
0.470548056994819	0.992160621761658	0.992056994818653	0.992362694300518	0.992170984455959	0.992098445595855	0.992295336787565	0.992445595854922	0.992388601036269
0.471498818181818	0.997308080808081	0.997141414141414	0.99750505050505	0.997520202020202	0.997671717171717	0.997474747474748	0.997444444444444	0.997550505050505
0.47238769266055	0.998706422018349	0.998050458715596	0.998229357798165	0.998110091743119	0.998178899082569	0.998183486238532	0.998298165137615	0.998302752293578
0.473426036082474	0.997061855670103	0.997185567010309	0.997273195876289	0.997329896907217	0.997314432989691	0.997247422680412	0.99720618556701	0.997113402061856
0.474471488687783	0.992457013574661	0.992484162895928	0.992615384615385	0.99272850678733	0.992615384615385	0.992742081447964	0.992751131221719	0.992760180995475
0.475425883802817	0.997806338028169	0.997757042253521	0.997672535211268	0.997602112676056	0.997454225352113	0.997651408450704	0.997651408450704	0.99762676056338
0.476531905	0.99802	0.9981	0.997995	0.998	0.9979	0.997745	0.997745	0.997745
0.477618053191489	0.997531914893617	0.997670212765957	0.997829787234043	0.99775	0.997840425531915	0.997675531914894	0.99781914893617	0.997872340425532
0.478488291891892	0.995437837837838	0.995383783783784	0.995432432432432	0.995324324324324	0.995605405405405	0.9954	0.995264864864865	0.99507027027027
0.479418705882353	0.985450980392157	0.984287581699346	0.983941176470588	0.983862745098039	0.98397385620915	0.984130718954248	0.984254901960784	0.984209150326797
0.480469622222222	0.989684444444444	0.989457777777778	0.989168888888889	0.989	0.988977777777778	0.988782222222222	0.988915555555556	0.988986666666667
0.481522342975207	0.994578512396694	0.994045454545455	0.994202479338843	0.994004132231405	0.993929752066116	0.993632231404959	0.993636363636364	0.993661157024793
0.482517804651163	0.996967441860465	0.996548837209302	0.996697674418605	0.996567441860465	0.996558139534884	0.996632558139535	0.99666976744186	0.996632558139535
0.483584452631579	0.991215789473684	0.991710526315789	0.992110526315789	0.992205263157895	0.992115789473684	0.992021052631579	0.992068421052632	0.992005263157895
0.484592824	0.998348	0.99782	0.99782	0.997792	0.99782	0.997832	0.998024	0.998004
0.485501905555556	0.998861111111111	0.9987	0.998661111111111	0.998533333333333	0.9985	0.998172222222222	0.998322222222222	0.99835
0.486426004651163	0.997409302325581	0.997046511627907	0.997297674418605	0.997288372093023	0.997358139534884	0.997116279069767	0.99726976744186	0.997153488372093
0.487488209606987	0.99789519650655	0.997366812227074	0.997694323144105	0.997353711790393	0.997314410480349	0.996877729257642	0.996873362445415	0.996851528384279
0.488449260089686	0.983959641255605	0.983914798206278	0.984313901345292	0.984165919282511	0.983932735426009	0.983932735426009	0.984008968609865	0.984040358744395
0.489496802955665	0.998137931034483	0.997605911330049	0.997881773399015	0.997620689655172	0.997487684729064	0.997266009852217	0.997246305418719	0.997231527093596
0.490507972222222	0.996587962962963	0.996569444444444	0.996634259259259	0.996175925925926	0.996083333333333	0.99612037037037	0.996023148148148	0.995986111111111
0.491571392070485	0.997740088105727	0.997431718061674	0.997374449339207	0.997264317180617	0.997321585903084	0.99752422907489	0.997590308370044	0.997519823788546
0.492485416184971	0.991560693641618	0.991624277456647	0.991739884393064	0.991658959537572	0.991884393063584	0.992023121387283	0.992115606936416	0.992109826589595
0.493384607929515	0.994114537444934	0.993436123348018	0.99357268722467	0.993515418502203	0.99347577092511	0.993242290748899	0.993189427312775	0.993330396475771
0.494437715686274	0.992024509803922	0.991955882352941	0.992117647058824	0.992166666666667	0.992127450980392	0.991901960784314	0.991975490196078	0.991862745098039
0.495429786885246	0.989573770491803	0.989520491803279	0.989647540983607	0.989512295081967	0.989565573770492	0.989639344262295	0.989553278688525	0.989524590163934
0.496471248888889	0.997977777777778	0.997444444444444	0.997715555555556	0.99768	0.997591111111111	0.997364444444444	0.997591111111111	0.997422222222222
0.497550164319249	0.997399061032864	0.997474178403756	0.997708920187793	0.997737089201878	0.997708920187793	0.997615023474178	0.997708920187793	0.997596244131455
0.498538347826087	0.998969565217391	0.998339130434783	0.998230434782609	0.998117391304348	0.998173913043478	0.998191304347826	0.998291304347826	0.998260869565217
0.499577890410959	0.994178082191781	0.993803652968037	0.993844748858448	0.993885844748858	0.993936073059361	0.993689497716895	0.993808219178082	0.993684931506849
