n100	n200	n300	n400	n500	n1000	n2000	n3000	n4000	n5000	n6000	n7000	MAF
0.549945008733907	0.546065383124435	0.543669534838584	0.541308145176942	0.538842173350582	0.527886449610398	0.510889233553057	0.489662747124952	0.471507946763148	0.455549812637292	0.44369427574622	0.433195503294999	0.000206072717017703
0.857738365923905	0.844238170704098	0.838660808968338	0.830683022868393	0.821106821106821	0.784137305307727	0.725433962264151	0.690966719492868	0.678665761074636	0.674288732925817	0.671119160818051	0.671194626820617	0.000412139168440118
0.932958328550109	0.915542857142857	0.904035771612016	0.895599358239743	0.883579695198808	0.833981693363844	0.768457142857143	0.753714285714286	0.765371428571429	0.770971428571429	0.775771428571429	0.782971428571429	0.000618158524914286
0.951485574852878	0.933380986418871	0.920539300057372	0.910094637223975	0.899799311926605	0.847023468803663	0.799142244460329	0.818727662616154	0.837884203002144	0.843888491779843	0.847176554681916	0.849320943531094	0.000824238411722659
0.961280026877205	0.938372773643281	0.928248113998324	0.915613227291754	0.902067464635473	0.852663266159378	0.850405552303704	0.877247261476712	0.882515260473284	0.882933355631742	0.888786687850155	0.890291830420604	0.00112885157621875
0.960007475238273	0.936849925705795	0.927452443118239	0.913966480446927	0.902175934535987	0.87351411589896	0.900074294205052	0.902303120356612	0.911218424962853	0.919762258543834	0.920690936106984	0.923291233283804	0.0014406107410847
0.965356564019449	0.942707282630623	0.927603640040445	0.914730248535058	0.908925686591276	0.880371192253379	0.91042969538027	0.918297357272544	0.930804922332056	0.937663909622756	0.939479523905588	0.942303812789994	0.00164830057090982
0.962333189840723	0.938705529361337	0.927268826432096	0.914003860175852	0.904159519725557	0.892841834547793	0.927989712816117	0.941491641663095	0.94513501928847	0.95049292756108	0.954779254179168	0.955636519502786	0.00185456569224175
0.96302729528536	0.939067746395418	0.927217851664935	0.914853639240506	0.909423152903991	0.912699980248864	0.941783527552834	0.953634208967016	0.958720126407268	0.96113964052933	0.962028441635394	0.963756666008295	0.00244989010319968
0.965581117418584	0.939195621132794	0.932432432432432	0.92840990240419	0.929489468047126	0.949607329842932	0.967455973346026	0.97340552118039	0.976082817705854	0.977986673012851	0.978522132317944	0.979295573536411	0.00349445688005712
0.96536591952471	0.947729566094854	0.939544903729635	0.939981160005383	0.942478471474704	0.966296670030272	0.977800201816347	0.981231079717457	0.98318197107299	0.984594685502859	0.985536495122772	0.985671039354188	0.00452279079650185
0.961830922916356	0.942363541589098	0.942661404423263	0.951522823739668	0.957703477548589	0.977139027477846	0.984213269789262	0.987489760965076	0.988830143718818	0.989798197929853	0.990170526472559	0.990170526472559	0.00554916657010946
0.959146341463415	0.945554091047349	0.946466592314712	0.954780492750684	0.964513839602555	0.981445807563622	0.987731927405455	0.988441650613404	0.990063875088715	0.990874987326371	0.991483321504613	0.991483321504613	0.00650561589577208
0.958001009591116	0.943962910703487	0.953839951622657	0.963011489619028	0.973392461197339	0.985789155412215	0.991533964926426	0.991433178794598	0.992743398508365	0.992642612376537	0.992844184640194	0.992541826244709	0.00742934153295706
0.960043787629995	0.952063040385247	0.960599759220751	0.971325380321769	0.978767648024516	0.989274378898982	0.991463281164496	0.992776622523804	0.99211995184415	0.992667177410529	0.993214402976907	0.992776622523804	0.00843527424209259
0.959856275554454	0.956543271016467	0.972762164169865	0.978457348025257	0.98217159836573	0.991209607527547	0.993933391110561	0.994057199455243	0.994304816144608	0.994181007799926	0.99492385786802	0.995047666212703	0.00947308208617061
0.959368787276342	0.958514470252143	0.971183703887716	0.981244565892436	0.983480313004596	0.989193888957893	0.992920134144827	0.993541175009316	0.993913799528009	0.993416966836418	0.993789591355111	0.994162215873804	0.0105011441435846
0.969284774023695	0.969439976604767	0.981573559520328	0.988156163181752	0.990495686503875	0.994736072525223	0.996783155432081	0.996490715016815	0.996929375639713	0.996490715016815	0.996344494809183	0.996636935224448	0.0115293143880684
0.953157426623184	0.959715639810427	0.981042654028436	0.986522511848341	0.989632701421801	0.993187203791469	0.995704976303318	0.997037914691943	0.996741706161137	0.996593601895735	0.996593601895735	0.996741706161137	0.0125566140106635
0.959487865469138	0.96981852913085	0.983381088825215	0.989684813753582	0.990066857688634	0.993887297039159	0.995224450811843	0.99541547277937	0.995606494746896	0.99541547277937	0.995606494746896	0.995224450811843	0.0135058306972302
0.959638964577657	0.974127659574468	0.988765957446809	0.991829787234043	0.993531914893617	0.995234042553191	0.996255319148936	0.996085106382979	0.996765957446809	0.996255319148936	0.996085106382979	0.995744680851064	0.0144354722893617
0.960234804014391	0.972164362810074	0.985798144290854	0.98731300889983	0.992046960802878	0.993372467335732	0.995644764249195	0.994697973868585	0.994887331944707	0.994697973868585	0.995455406173073	0.995266048096951	0.0154425125544404
0.960620976902688	0.972174900624645	0.988453530191179	0.991671398826424	0.993753549119818	0.996024985803521	0.996214272193829	0.996782131364755	0.996971417755063	0.997349990535681	0.997160704145372	0.997349990535681	0.0164803278061707
0.965441470235717	0.97823482428115	0.988418530351438	0.990215654952077	0.992811501597444	0.995207667731629	0.996405750798722	0.996605431309904	0.996605431309904	0.996605431309904	0.996605431309904	0.996405750798722	0.0175156731429712
0.973061047143168	0.985009776232892	0.990441016728221	0.993482511405605	0.994351509884858	0.996741255702802	0.998262003041495	0.998044753421682	0.998479252661308	0.998479252661308	0.998479252661308	0.998479252661308	0.0185340418857267
0.970513118179707	0.984908288832134	0.9930345948456	0.994892036220107	0.99721383793824	0.997678198281867	0.998374738797307	0.998374738797307	0.99860691896912	0.99860691896912	0.99860691896912	0.99860691896912	0.0195550577199907
0.966121495327103	0.984521028037383	0.991238317757009	0.989485981308411	0.993282710280374	0.996203271028037	0.997079439252336	0.997371495327103	0.997079439252336	0.997371495327103	0.997371495327103	0.997371495327103	0.0205136378212617
0.959989038092628	0.981638805152096	0.992600712523979	0.992326664839682	0.994519046314059	0.99534118936695	0.996163332419841	0.996985475472732	0.996711427788435	0.996437380104138	0.996437380104138	0.996437380104138	0.0214327399287476
0.959949302915082	0.979214195183777	0.992395437262357	0.994169835234474	0.995690747782003	0.996197718631179	0.996958174904943	0.996704689480355	0.996704689480355	0.996704689480355	0.996704689480355	0.996704689480355	0.0224543412674271
0.975325755475464	0.986969780981425	0.99223731632936	0.993900748544497	0.994455225949543	0.995286942057111	0.995564180759634	0.995286942057111	0.995564180759634	0.995564180759634	0.99611865816468	0.995841419462157	0.0234726898530635
0.977040816326531	0.991780045351474	0.997165532879819	0.9968820861678	0.997165532879819	0.998299319727891	0.998299319727891	0.998299319727891	0.998299319727891	0.998299319727891	0.998582766439909	0.998582766439909	0.0245035907879819
0.97879177377892	0.993894601542416	0.994537275064267	0.994858611825193	0.995179948586118	0.995501285347044	0.996143958868895	0.995822622107969	0.995822622107969	0.996143958868895	0.995822622107969	0.995822622107969	0.025535379659383
0.982148653034729	0.993833171048361	0.99480688088283	0.996429730606946	0.997403440441415	0.997728010386238	0.998052580331061	0.997728010386238	0.997403440441415	0.996429730606946	0.996429730606946	0.996754300551769	0.0265442322297955
0.980833026170291	0.99152230003686	0.996314043494287	0.997051234795429	0.997051234795429	0.998157021747143	0.998525617397715	0.998894213048286	0.998894213048286	0.999262808698857	0.999262808698857	0.999262808698857	0.0275085690748249
0.973815048060988	0.990059642147117	0.99403578528827	0.994698475811796	0.99635520212061	0.99635520212061	0.995692511597084	0.99635520212061	0.996686547382372	0.996686547382372	0.996686547382372	0.997017892644135	0.0284522667329357
0.979978548444762	0.991419377904898	0.993922059349303	0.994994637111191	0.996067214873078	0.995709688952449	0.996424740793708	0.996782266714337	0.997139792634966	0.997497318555595	0.997139792634966	0.997139792634966	0.0294510143367894
0.985164394546913	0.993584603047314	0.9971932638332	0.997995188452286	0.997594226142743	0.997995188452286	0.9971932638332	0.997995188452286	0.997594226142743	0.997995188452286	0.997995188452286	0.997995188452286	0.0304839409382518
0.981375902698594	0.993158494868871	0.995438996579247	0.996579247434436	0.99619916381604	0.99809958190802	0.997719498289624	0.997719498289624	0.998479665526416	0.997719498289624	0.997719498289624	0.997719498289624	0.0315220978335234
0.980541455160745	0.994077834179357	0.998307952622673	0.998307952622673	0.998307952622673	0.997884940778342	0.998307952622673	0.998307952622673	0.998307952622673	0.997884940778342	0.997884940778342	0.998307952622673	0.0325336920050761
0.987590928540864	0.993581514762516	0.997004706889174	0.997004706889174	0.997860504920839	0.997432605905006	0.997860504920839	0.997432605905006	0.997432605905006	0.997432605905006	0.997432605905006	0.997860504920839	0.0335581814719726
0.987261146496815	0.995905368516834	0.997725204731574	0.998180163785259	0.998180163785259	0.997270245677889	0.997270245677889	0.997725204731574	0.998180163785259	0.998635122838945	0.998180163785259	0.997725204731574	0.034493297133758
0.984485190409027	0.992947813822285	0.99529854254819	0.99529854254819	0.996238834038552	0.996238834038552	0.996708979783733	0.997179125528914	0.997179125528914	0.996708979783733	0.996708979783733	0.996708979783733	0.0354491802068641
0.987963408762638	0.997592681752528	0.998074145402022	0.998074145402022	0.998074145402022	0.997592681752528	0.997592681752528	0.997592681752528	0.997592681752528	0.997592681752528	0.997592681752528	0.998074145402022	0.0364616312469909
0.988325101032779	0.995509654243377	0.996856757970364	0.997754827121688	0.996856757970364	0.996856757970364	0.997305792546026	0.997305792546026	0.997754827121688	0.997305792546026	0.997305792546026	0.997305792546026	0.037470958194881
0.988165680473373	0.997041420118343	0.9965483234714	0.997534516765286	0.997041420118343	0.998520710059172	0.998027613412229	0.998027613412229	0.998027613412229	0.998027613412229	0.998520710059172	0.998027613412229	0.0385160434911243
0.988829311885612	0.994191242180518	0.993744414655943	0.99597855227882	0.99597855227882	0.99597855227882	0.996425379803396	0.99597855227882	0.996425379803396	0.996425379803396	0.996425379803396	0.996425379803396	0.0395589438784629
0.989468864468865	0.994505494505495	0.996336996336996	0.996336996336996	0.996336996336996	0.996794871794872	0.996794871794872	0.996336996336996	0.996336996336996	0.996336996336996	0.996794871794872	0.997252747252747	0.0405436010989011
0.994499449944995	0.997249724972497	0.998349834983498	0.998899889988999	0.998349834983498	0.998899889988999	0.998349834983498	0.998349834983498	0.998349834983498	0.998349834983498	0.998349834983498	0.998349834983498	0.0415010773377338
0.991434689507495	0.99678800856531	0.99678800856531	0.997323340471092	0.997323340471092	0.997858672376874	0.997858672376874	0.998394004282655	0.998394004282655	0.998394004282655	0.998394004282655	0.998394004282655	0.0424447005353319
0.986096256684492	0.990909090909091	0.993582887700535	0.996791443850267	0.998395721925134	0.998395721925134	0.998395721925134	0.998930481283422	0.998930481283422	0.998930481283422	0.998930481283422	0.998930481283422	0.043470987486631
0.989623156744948	0.996723102129984	0.996176952484981	0.996723102129984	0.996723102129984	0.99399235390497	0.993446204259967	0.995084653194975	0.995630802839978	0.995084653194975	0.995084653194975	0.995084653194975	0.0444945103222283
0.990867579908676	0.996004566210046	0.996575342465753	0.996575342465753	0.996575342465753	0.993150684931507	0.993721461187215	0.996575342465753	0.997146118721461	0.997146118721461	0.997146118721461	0.997146118721461	0.0455178217465753
0.990689013035382	0.996896337678461	0.998137802607076	0.999379267535692	1	0.998758535071384	0.998758535071384	1	1	1	1	1	0.0465329437616387
0.995038979447201	0.995038979447201	0.996456413890858	0.995747696669029	0.996456413890858	0.998582565556343	0.997873848334515	0.997873848334515	0.997873848334515	0.997873848334515	0.997873848334515	0.997873848334515	0.0475416070163005
0.996080992815153	0.998040496407577	0.997387328543436	0.998040496407577	0.998040496407577	0.998040496407577	0.998040496407577	0.998693664271718	0.998040496407577	0.998040496407577	0.998693664271718	0.998693664271718	0.0484788766819073
0.995283018867924	0.996630727762803	0.997978436657682	0.997978436657682	0.999326145552561	0.999326145552561	0.999326145552561	0.998652291105121	0.998652291105121	0.999326145552561	0.999326145552561	0.999326145552561	0.0494660066037736
0.991839296924043	0.996861268047709	0.997489014438167	0.998744507219083	0.998744507219083	0.998116760828625	0.998116760828625	0.998116760828625	0.998116760828625	0.998744507219083	0.998116760828625	0.998116760828625	0.0504806827997489
0.994211287988423	0.996382054992764	0.997829232995659	0.998552821997106	0.997829232995659	0.997829232995659	0.997105643994211	0.998552821997106	0.998552821997106	0.998552821997106	0.998552821997106	0.998552821997106	0.0514960350217077
0.990469707283867	0.993192648059905	0.995915588835943	0.993873383253914	0.994554118447924	0.995915588835943	0.995915588835943	0.995915588835943	0.995915588835943	0.995915588835943	0.995915588835943	0.995915588835943	0.0525125865895167
0.992313067784766	0.997204751921733	0.997204751921733	0.9958071278826	0.997204751921733	0.998602375960867	0.9979035639413	0.9979035639413	0.9979035639413	0.9979035639413	0.9979035639413	0.9979035639413	0.0535339555555556
0.991022099447514	0.99378453038674	0.994475138121547	0.99585635359116	0.99585635359116	0.995165745856354	0.996546961325967	0.99585635359116	0.99585635359116	0.99585635359116	0.99585635359116	0.99585635359116	0.0545402410911602
0.997054491899853	0.999263622974963	0.999263622974963	0.998527245949926	0.998527245949926	0.999263622974963	0.999263622974963	0.999263622974963	0.999263622974963	0.999263622974963	0.999263622974963	0.999263622974963	0.0554679040500736
0.994386527666399	0.997594226142743	0.998396150761828	0.997594226142743	0.996792301523657	0.996792301523657	0.996792301523657	0.996792301523657	0.996792301523657	0.996792301523657	0.996792301523657	0.996792301523657	0.0564713935044106
0.995391705069124	0.996927803379416	0.999231950844854	1	1	1	1	1	1	1	1	1	0.0574477695084485
0.991011235955056	0.99625468164794	0.99625468164794	0.99625468164794	0.997003745318352	0.997003745318352	0.997003745318352	0.997003745318352	0.997003745318352	0.997003745318352	0.997003745318352	0.997003745318352	0.0584801805992509
0.99774943735934	0.999249812453113	0.998499624906227	0.999249812453113	0.999249812453113	0.999249812453113	0.999249812453113	0.999249812453113	0.999249812453113	0.999249812453113	0.999249812453113	0.999249812453113	0.0595275237059265
0.998436278342455	0.998436278342455	0.999218139171227	0.999218139171227	0.999218139171227	0.999218139171227	0.999218139171227	0.999218139171227	0.999218139171227	0.999218139171227	0.999218139171227	0.999218139171227	0.0605104218921032
0.992070484581498	0.994713656387665	0.997356828193833	0.997356828193833	0.997356828193833	0.99647577092511	0.997356828193833	0.997356828193833	0.997356828193833	0.997356828193833	0.997356828193833	0.997356828193833	0.0615128554185022
0.992056487202118	0.997352162400706	0.996469549867608	0.998234774933804	0.998234774933804	0.999117387466902	0.999117387466902	0.999117387466902	0.999117387466902	0.999117387466902	0.998234774933804	0.998234774933804	0.0624936249779347
0.996428571428571	1	1	1	1	1	1	1	1	1	1	1	0.0634732077678571
0.995860927152318	0.995860927152318	0.996688741721854	0.997516556291391	0.997516556291391	0.997516556291391	0.997516556291391	0.997516556291391	0.997516556291391	0.997516556291391	0.997516556291391	0.997516556291391	0.0644568332781457
0.998373983739837	0.998373983739837	0.998373983739837	0.998373983739837	0.998373983739837	0.998373983739837	0.998373983739837	0.998373983739837	0.998373983739837	0.998373983739837	0.998373983739837	0.998373983739837	0.0654961563414634
0.994122586062133	0.99664147774979	0.995801847187238	0.995801847187238	0.995801847187238	0.99664147774979	0.995801847187238	0.997481108312343	0.997481108312343	0.99664147774979	0.99664147774979	0.99664147774979	0.0665111672544081
0.995495495495496	0.995495495495496	0.995495495495496	0.995495495495496	0.997297297297297	0.998198198198198	0.998198198198198	0.999099099099099	0.999099099099099	0.999099099099099	0.999099099099099	0.999099099099099	0.0675217836936937
0.99128160418483	0.994768962510898	0.994768962510898	0.994768962510898	0.995640802092415	0.995640802092415	0.995640802092415	0.995640802092415	0.995640802092415	0.995640802092415	0.995640802092415	0.995640802092415	0.0685182778552746
1	0.999058380414313	0.999058380414313	1	1	1	1	1	1	1	1	1	0.0694985593220339
0.997032640949555	0.999010880316518	1	0.999010880316518	0.999010880316518	0.999010880316518	0.999010880316518	0.999010880316518	0.999010880316518	0.999010880316518	0.999010880316518	0.999010880316518	0.0704833621167161
0.997272727272727	1	1	1	1	1	1	1	0.999090909090909	0.999090909090909	0.999090909090909	0.999090909090909	0.0714786607272727
0.995318352059925	0.99812734082397	0.997191011235955	0.99812734082397	0.99812734082397	0.997191011235955	0.997191011235955	0.997191011235955	0.997191011235955	0.997191011235955	0.997191011235955	0.997191011235955	0.0725051121722846
0.994731296101159	0.995785036880927	0.996838777660696	0.997892518440464	0.997892518440464	0.997892518440464	0.997892518440464	0.997892518440464	0.997892518440464	0.996838777660696	0.996838777660696	0.996838777660696	0.0735117210748156
0.999004975124378	0.999004975124378	0.998009950248756	0.998009950248756	0.998009950248756	0.999004975124378	0.999004975124378	0.999004975124378	0.999004975124378	0.999004975124378	0.999004975124378	0.999004975124378	0.0745206664676617
0.998144712430427	0.999072356215213	1	1	1	1	1	1	1	1	1	1	0.0755249807050093
0.996845425867508	0.996845425867508	0.996845425867508	0.996845425867508	0.997896950578339	0.997896950578339	0.997896950578339	0.997896950578339	0.997896950578339	0.997896950578339	0.997896950578339	0.997896950578339	0.0764701990536278
0.996808510638298	0.996808510638298	0.996808510638298	0.996808510638298	0.996808510638298	0.996808510638298	0.996808510638298	0.996808510638298	0.996808510638298	0.996808510638298	0.996808510638298	0.996808510638298	0.0774807538297872
0.996666666666667	0.996666666666667	0.996666666666667	0.997777777777778	0.997777777777778	0.997777777777778	0.997777777777778	0.997777777777778	0.997777777777778	0.997777777777778	0.997777777777778	0.997777777777778	0.0784825107777778
0.992117117117117	0.996621621621622	0.996621621621622	0.996621621621622	0.996621621621622	0.996621621621622	0.996621621621622	0.996621621621622	0.996621621621622	0.996621621621622	0.996621621621622	0.996621621621622	0.0794909515765766
0.986531986531986	0.996632996632997	0.997755331088664	0.997755331088664	0.996632996632997	0.995510662177329	0.995510662177329	0.996632996632997	0.996632996632997	0.995510662177329	0.996632996632997	0.995510662177329	0.0805132768799102
0.996636771300448	0.996636771300448	0.996636771300448	0.996636771300448	0.996636771300448	0.996636771300448	0.996636771300448	0.996636771300448	0.996636771300448	0.996636771300448	0.996636771300448	0.996636771300448	0.0815318789237668
0.996818663838812	0.998939554612937	0.998939554612937	0.998939554612937	0.998939554612937	0.998939554612937	0.998939554612937	0.998939554612937	0.998939554612937	0.998939554612937	0.998939554612937	0.998939554612937	0.0825126338282079
0.997703788748565	0.997703788748565	0.998851894374282	0.997703788748565	0.998851894374282	0.998851894374282	1	1	1	1	1	1	0.0835010107921929
0.996610169491525	0.996610169491525	0.99774011299435	0.99774011299435	0.998870056497175	0.998870056497175	0.998870056497175	0.99774011299435	0.99774011299435	0.99774011299435	0.99774011299435	0.99774011299435	0.0845103120903955
0.988776655443322	0.998877665544332	0.997755331088664	0.997755331088664	0.997755331088664	0.996632996632997	0.996632996632997	0.996632996632997	0.996632996632997	0.997755331088664	0.997755331088664	0.997755331088664	0.0854548414141414
0.996305418719212	0.998768472906404	0.998768472906404	0.998768472906404	0.998768472906404	0.998768472906404	0.998768472906404	0.998768472906404	0.998768472906404	0.998768472906404	0.998768472906404	0.998768472906404	0.0865231871921182
0.997536945812808	1	0.998768472906404	1	1	1	1	1	0.998768472906404	1	1	1	0.0874950052955665
0.9953434225844	0.9965075669383	0.9965075669383	0.9965075669383	0.9965075669383	0.9965075669383	0.9965075669383	0.9965075669383	0.9965075669383	0.9965075669383	0.9965075669383	0.9965075669383	0.0885377145518044
0.996389891696751	0.996389891696751	0.996389891696751	0.997593261131167	0.997593261131167	0.996389891696751	0.997593261131167	0.997593261131167	0.997593261131167	0.997593261131167	0.997593261131167	0.997593261131167	0.0895393855595668
0.986301369863014	0.995018679950187	0.998754669987547	1	1	1	1	1	1	1	1	1	0.0904992338729763
0.973856209150327	0.994771241830065	0.998692810457516	0.998692810457516	0.998692810457516	0.998692810457516	0.998692810457516	0.998692810457516	0.998692810457516	0.998692810457516	0.998692810457516	0.998692810457516	0.0914860206535948
0.987355110642782	0.993677555321391	0.993677555321391	0.995785036880927	0.994731296101159	0.993677555321391	0.994731296101159	0.995785036880927	0.994731296101159	0.994731296101159	0.994731296101159	0.994731296101159	0.092481495995785
0.995449374288965	0.998862343572241	1	1	1	1	1	1	1	1	1	1	0.0935002770193402
0.998829039812646	1	1	1	1	1	1	1	1	1	1	1	0.0945115270491803
0.995151515151515	0.997575757575758	0.998787878787879	0.998787878787879	0.998787878787879	1	1	1	1	1	1	1	0.0955159740606061
0.99290780141844	0.995271867612293	0.99645390070922	0.995271867612293	0.99645390070922	0.99645390070922	0.99645390070922	0.99645390070922	0.99645390070922	0.99645390070922	0.99645390070922	0.99645390070922	0.0965085734042553
0.989333333333333	0.997333333333333	0.997333333333333	0.997333333333333	0.997333333333333	0.997333333333333	0.997333333333333	0.997333333333333	0.997333333333333	0.997333333333333	0.997333333333333	0.997333333333333	0.0974864008
0.998550724637681	1	1	1	1	1	1	1	1	1	1	1	0.0984547647826087
0.996323529411765	0.997549019607843	0.997549019607843	0.996323529411765	0.997549019607843	0.997549019607843	0.998774509803922	0.997549019607843	0.998774509803922	0.998774509803922	0.998774509803922	1	0.099485199754902
0.995940460081191	0.997293640054127	0.997293640054127	0.998646820027064	0.997293640054127	0.998646820027064	0.998646820027064	0.998646820027064	0.998646820027064	0.998646820027064	0.998646820027064	0.998646820027064	0.100515342354533
0.994666666666667	0.998666666666667	0.998666666666667	0.998666666666667	0.998666666666667	1	1	1	1	1	1	1	0.101510152
0.994623655913978	0.998655913978495	0.998655913978495	1	1	0.998655913978495	1	1	1	1	1	1	0.102502377688172
0.998760842627014	1	1	1	1	1	1	1	1	1	1	1	0.103478748451053
0.996533795493934	0.996533795493934	0.998266897746967	0.996533795493934	0.996533795493934	0.996533795493934	0.996533795493934	0.996533795493934	0.996533795493934	0.996533795493934	0.996533795493934	0.996533795493934	0.104514225303293
0.996884735202492	0.996884735202492	0.996884735202492	0.996884735202492	0.996884735202492	0.996884735202492	0.996884735202492	0.996884735202492	0.996884735202492	0.996884735202492	0.996884735202492	0.996884735202492	0.105480327102804
0.998347107438017	0.998347107438017	0.998347107438017	0.998347107438017	0.998347107438017	0.998347107438017	0.998347107438017	0.998347107438017	0.998347107438017	0.998347107438017	0.998347107438017	0.998347107438017	0.106450672727273
0.995412844036697	0.995412844036697	0.996941896024465	0.996941896024465	0.996941896024465	0.996941896024465	0.996941896024465	0.996941896024465	0.996941896024465	0.996941896024465	0.996941896024465	0.996941896024465	0.107512778287462
0.996894409937888	0.996894409937888	0.996894409937888	0.996894409937888	0.996894409937888	0.996894409937888	0.996894409937888	0.996894409937888	0.996894409937888	0.996894409937888	0.996894409937888	0.996894409937888	0.108517350931677
0.998449612403101	1	1	0.996899224806202	0.996899224806202	0.998449612403101	0.996899224806202	0.996899224806202	0.996899224806202	0.996899224806202	0.998449612403101	0.998449612403101	0.109524331782946
0.996992481203008	0.996992481203008	0.998496240601504	0.998496240601504	0.998496240601504	0.998496240601504	0.998496240601504	0.998496240601504	0.998496240601504	0.996992481203008	0.996992481203008	0.996992481203008	0.110510812030075
0.996677740863787	0.998338870431894	0.998338870431894	0.998338870431894	0.998338870431894	0.998338870431894	0.998338870431894	0.998338870431894	0.998338870431894	0.998338870431894	0.998338870431894	0.998338870431894	0.111531141196013
0.998366013071895	0.998366013071895	0.995098039215686	0.998366013071895	0.998366013071895	0.996732026143791	0.996732026143791	0.995098039215686	0.995098039215686	0.995098039215686	0.996732026143791	0.996732026143791	0.112485452614379
0.99815157116451	0.99815157116451	0.99815157116451	0.99815157116451	0.99630314232902	0.99815157116451	0.99815157116451	0.99815157116451	0.99815157116451	0.99815157116451	0.99815157116451	0.99815157116451	0.113452345656192
0.996503496503496	0.996503496503496	0.994755244755245	0.994755244755245	0.994755244755245	0.996503496503496	0.996503496503496	0.998251748251748	0.996503496503496	0.996503496503496	0.998251748251748	0.998251748251748	0.114497975524476
0.998322147651007	0.998322147651007	0.998322147651007	0.998322147651007	0.998322147651007	0.998322147651007	0.998322147651007	0.998322147651007	0.998322147651007	0.998322147651007	0.998322147651007	0.998322147651007	0.115499005033557
0.99616122840691	0.99616122840691	0.998080614203455	0.998080614203455	0.998080614203455	0.998080614203455	0.998080614203455	0.998080614203455	0.998080614203455	0.998080614203455	0.998080614203455	0.998080614203455	0.116494971209213
1	1	1	1	1	1	1	1	1	1	1	1	0.117559051785714
0.996309963099631	0.996309963099631	0.996309963099631	0.996309963099631	0.998154981549816	0.996309963099631	0.996309963099631	0.996309963099631	0.996309963099631	0.996309963099631	0.996309963099631	0.996309963099631	0.118493411439114
0.994296577946768	0.998098859315589	0.998098859315589	0.998098859315589	0.998098859315589	0.998098859315589	0.998098859315589	0.998098859315589	0.998098859315589	0.998098859315589	0.998098859315589	0.998098859315589	0.119491049429658
1	0.996268656716418	0.996268656716418	0.996268656716418	0.996268656716418	0.996268656716418	0.998134328358209	1	1	1	1	1	0.120514027985075
1	1	1	1	1	1	1	1	1	1	1	1	0.121489596296296
0.996521739130435	0.996521739130435	0.996521739130435	0.996521739130435	0.996521739130435	0.996521739130435	0.996521739130435	0.996521739130435	0.996521739130435	0.996521739130435	0.996521739130435	0.996521739130435	0.122507794782609
0.99820788530466	0.99820788530466	0.99820788530466	0.99820788530466	0.99820788530466	0.99820788530466	0.99820788530466	0.99820788530466	0.99820788530466	0.99820788530466	0.99820788530466	0.99820788530466	0.123517555555556
1	0.998198198198198	1	1	1	1	1	1	1	1	1	1	0.124526699099099
0.996575342465753	0.996575342465753	0.996575342465753	0.996575342465753	0.996575342465753	0.996575342465753	0.996575342465753	0.996575342465753	0.996575342465753	0.996575342465753	0.996575342465753	0.996575342465753	0.12552315239726
0.994791666666667	0.996527777777778	0.996527777777778	0.996527777777778	0.996527777777778	0.996527777777778	0.996527777777778	0.996527777777778	0.996527777777778	0.996527777777778	0.996527777777778	0.996527777777778	0.126478671875
0.998324958123953	0.996649916247906	1	1	1	1	1	1	1	1	1	1	0.127483618090452
0.99624765478424	0.99812382739212	0.99812382739212	0.99812382739212	0.99812382739212	0.99812382739212	0.99812382739212	0.99812382739212	0.99812382739212	0.99812382739212	0.99812382739212	0.99812382739212	0.128484872420263
1	1	1	1	1	1	1	1	1	1	1	1	0.129561758445946
0.998220640569395	0.998220640569395	0.99644128113879	0.99644128113879	0.998220640569395	0.998220640569395	0.998220640569395	0.998220640569395	0.998220640569395	0.998220640569395	0.998220640569395	0.998220640569395	0.130471798932384
0.997826086956522	1	0.997826086956522	0.997826086956522	1	1	1	1	1	1	1	1	0.131504547826087
1	1	1	1	1	1	0.998263888888889	0.998263888888889	0.998263888888889	0.998263888888889	0.998263888888889	0.998263888888889	0.132506729166667
0.99390243902439	0.99390243902439	0.995934959349594	0.99390243902439	0.99390243902439	0.99390243902439	0.99390243902439	0.99390243902439	0.99390243902439	0.99390243902439	0.99390243902439	0.99390243902439	0.133499386178862
0.996	0.998	1	1	0.998	0.998	0.998	1	1	1	1	1	0.134492116
1	1	1	1	1	1	1	1	1	1	1	1	0.135495772815534
0.998098859315589	0.998098859315589	0.998098859315589	0.998098859315589	0.998098859315589	0.998098859315589	0.998098859315589	0.998098859315589	0.998098859315589	0.998098859315589	0.998098859315589	0.998098859315589	0.136536423954373
0.997867803837953	1	1	0.997867803837953	0.997867803837953	0.997867803837953	0.997867803837953	0.997867803837953	0.997867803837953	0.997867803837953	0.997867803837953	0.997867803837953	0.13754860554371
1	1	1	1	1	0.998027613412229	0.998027613412229	0.998027613412229	0.998027613412229	0.998027613412229	0.998027613412229	0.998027613412229	0.138518305719921
1	1	1	1	1	1	1	1	1	1	1	1	0.139511357271095
0.997920997920998	1	1	1	1	1	1	1	1	1	1	1	0.140476923076923
0.997916666666667	1	1	1	1	1	1	1	1	1	1	1	0.141474083333333
1	1	1	1	1	1	1	1	1	1	1	1	0.142490253393665
0.998	0.998	0.998	0.998	0.998	0.998	0.998	0.998	0.998	0.998	0.998	0.998	0.143493356
0.995708154506438	0.995708154506438	0.995708154506438	0.995708154506438	0.995708154506438	0.995708154506438	0.997854077253219	0.997854077253219	0.997854077253219	0.997854077253219	0.997854077253219	0.997854077253219	0.144495607296137
0.997863247863248	0.997863247863248	0.997863247863248	0.997863247863248	0.997863247863248	0.997863247863248	0.997863247863248	0.997863247863248	0.997863247863248	0.997863247863248	0.997863247863248	0.997863247863248	0.145459604700855
1	1	1	1	1	1	1	1	1	1	1	1	0.146461768442623
0.997933884297521	1	1	1	1	1	1	1	1	1	1	1	0.147479435950413
0.998076923076923	0.998076923076923	0.998076923076923	0.998076923076923	0.998076923076923	0.998076923076923	0.998076923076923	0.998076923076923	0.998076923076923	0.998076923076923	0.998076923076923	0.998076923076923	0.148478713461538
1	1	1	1	1	1	1	1	1	1	1	1	0.149467742971888
0.997899159663866	0.995798319327731	0.995798319327731	0.995798319327731	0.995798319327731	0.995798319327731	0.995798319327731	0.995798319327731	0.995798319327731	0.995798319327731	0.995798319327731	0.995798319327731	0.150515978991597
1	1	1	1	1	1	1	1	1	1	1	1	0.151492415506958
1	1	1	1	1	1	1	1	1	1	1	1	0.152500931677019
0.998011928429423	1	1	1	1	1	1	1	1	1	1	1	0.153513500994036
1	1	1	1	1	1	1	1	1	1	1	1	0.154478263403263
1	0.997701149425287	1	1	1	1	1	1	1	1	1	1	0.155449774712644
0.990498812351544	0.992874109263658	0.992874109263658	0.992874109263658	0.997624703087886	0.995249406175772	0.995249406175772	0.995249406175772	0.995249406175772	0.995249406175772	0.995249406175772	0.995249406175772	0.15648890736342
0.997767857142857	0.997767857142857	0.997767857142857	1	0.997767857142857	1	0.997767857142857	1	1	1	1	1	0.157531354910714
0.996116504854369	0.998058252427184	0.998058252427184	0.998058252427184	0.998058252427184	0.998058252427184	0.998058252427184	0.998058252427184	0.998058252427184	0.998058252427184	0.998058252427184	0.998058252427184	0.15853154368932
0.995884773662551	0.995884773662551	0.995884773662551	0.995884773662551	0.995884773662551	0.995884773662551	0.995884773662551	0.995884773662551	0.995884773662551	0.995884773662551	0.995884773662551	0.995884773662551	0.159480236625514
0.997876857749469	0.997876857749469	0.997876857749469	0.997876857749469	0.997876857749469	0.997876857749469	0.997876857749469	0.997876857749469	0.997876857749469	0.997876857749469	0.997876857749469	0.997876857749469	0.16050204670913
0.995475113122172	0.993212669683258	0.993212669683258	0.993212669683258	0.993212669683258	0.993212669683258	0.993212669683258	0.993212669683258	0.993212669683258	0.993212669683258	0.993212669683258	0.993212669683258	0.161463997737557
0.995841995841996	0.995841995841996	0.995841995841996	0.995841995841996	0.995841995841996	0.995841995841996	0.995841995841996	0.995841995841996	0.995841995841996	0.995841995841996	0.995841995841996	0.995841995841996	0.162484278586279
0.993736951983299	0.993736951983299	0.995824634655532	0.995824634655532	0.997912317327766	0.997912317327766	0.997912317327766	0.997912317327766	0.997912317327766	0.997912317327766	0.997912317327766	0.997912317327766	0.163508415448852
1	1	1	1	1	1	1	1	1	1	1	1	0.164486623222749
0.998019801980198	0.998019801980198	0.998019801980198	0.998019801980198	0.998019801980198	0.998019801980198	0.998019801980198	0.998019801980198	0.998019801980198	0.998019801980198	0.998019801980198	0.998019801980198	0.165534564356436
1	1	1	1	1	1	1	1	1	1	1	1	0.166472614849188
0.990588235294118	0.995294117647059	0.995294117647059	0.995294117647059	0.995294117647059	0.995294117647059	0.995294117647059	0.995294117647059	0.995294117647059	0.995294117647059	0.995294117647059	0.995294117647059	0.167472541176471
1	1	1	1	1	1	1	1	1	1	1	1	0.168506104925054
0.995271867612293	0.997635933806147	0.997635933806147	0.997635933806147	0.997635933806147	0.997635933806147	0.997635933806147	0.997635933806147	0.997635933806147	0.997635933806147	0.997635933806147	0.997635933806147	0.169457144208038
1	1	1	1	1	1	1	1	1	1	1	1	0.170521923261391
1	0.997237569060773	0.997237569060773	0.997237569060773	0.997237569060773	0.997237569060773	0.997237569060773	0.997237569060773	0.997237569060773	0.997237569060773	0.997237569060773	0.997237569060773	0.171517773480663
1	1	1	1	1	1	1	1	1	1	1	1	0.172522746153846
1	1	0.997058823529412	1	1	1	1	1	1	1	1	1	0.173538276470588
0.995098039215686	0.995098039215686	0.995098039215686	0.995098039215686	0.995098039215686	0.995098039215686	0.995098039215686	0.995098039215686	0.995098039215686	0.995098039215686	0.995098039215686	0.995098039215686	0.174524
0.995726495726496	0.997863247863248	1	1	1	1	1	1	1	1	1	1	0.175510978632479
0.995708154506438	0.995708154506438	0.995708154506438	0.995708154506438	0.995708154506438	0.995708154506438	0.995708154506438	0.995708154506438	0.995708154506438	0.995708154506438	0.995708154506438	0.995708154506438	0.176473160944206
0.997596153846154	0.997596153846154	0.997596153846154	0.997596153846154	0.997596153846154	0.997596153846154	0.997596153846154	0.997596153846154	0.997596153846154	0.997596153846154	0.997596153846154	0.997596153846154	0.177500221153846
1	1	1	1	1	1	1	1	1	1	1	1	0.178483390804598
0.994366197183099	0.994366197183099	0.994366197183099	0.997183098591549	0.997183098591549	0.997183098591549	0.997183098591549	0.997183098591549	0.997183098591549	0.997183098591549	0.997183098591549	0.997183098591549	0.179517563380282
0.99702380952381	0.99702380952381	0.99702380952381	0.99702380952381	0.99702380952381	0.99702380952381	0.99702380952381	0.99702380952381	0.99702380952381	0.99702380952381	0.99702380952381	0.99702380952381	0.180499092261905
1	1	1	1	1	1	1	1	1	1	1	1	0.181491220338983
1	1	1	1	1	1	1	1	1	1	1	1	0.182512631979695
1	0.997742663656885	0.997742663656885	1	1	1	1	1	1	1	1	1	0.18349576523702
1	1	1	1	1	1	1	1	1	1	1	1	0.184489802110818
0.997347480106101	1	1	1	1	1	1	1	1	1	1	1	0.185462312997347
1	1	1	1	1	1	1	1	1	1	1	1	0.186551599537037
0.997282608695652	0.997282608695652	0.997282608695652	0.997282608695652	0.997282608695652	0.997282608695652	0.997282608695652	0.997282608695652	0.997282608695652	0.997282608695652	0.997282608695652	0.997282608695652	0.18751397826087
0.997474747474748	1	0.997474747474748	1	1	1	1	1	1	1	1	1	0.188476972222222
0.997455470737914	0.997455470737914	0.997455470737914	0.997455470737914	0.997455470737914	0.997455470737914	0.997455470737914	0.997455470737914	0.997455470737914	0.997455470737914	0.997455470737914	0.997455470737914	0.18952568956743
0.994805194805195	0.994805194805195	0.994805194805195	0.994805194805195	0.994805194805195	0.994805194805195	0.994805194805195	0.994805194805195	0.994805194805195	0.994805194805195	0.994805194805195	0.994805194805195	0.190502755844156
0.997275204359673	0.997275204359673	0.997275204359673	0.997275204359673	0.997275204359673	0.997275204359673	0.997275204359673	0.997275204359673	0.997275204359673	0.997275204359673	0.997275204359673	0.997275204359673	0.191489839237057
1	1	1	1	1	1	1	1	1	1	1	1	0.192485128767123
0.997237569060773	1	1	1	1	1	1	1	1	1	1	1	0.193511745856354
0.996865203761755	0.996865203761755	0.996865203761755	0.996865203761755	0.996865203761755	0.996865203761755	0.996865203761755	0.996865203761755	0.996865203761755	0.996865203761755	0.996865203761755	0.996865203761755	0.194518188087774
0.997175141242938	0.997175141242938	0.997175141242938	0.997175141242938	0.997175141242938	0.997175141242938	0.997175141242938	0.997175141242938	0.997175141242938	0.997175141242938	0.997175141242938	0.997175141242938	0.195460542372881
1	1	1	1	1	1	1	1	1	1	1	1	0.196538592705167
1	1	1	1	1	1	1	1	1	1	1	1	0.197499359195402
0.997101449275362	0.997101449275362	0.997101449275362	0.997101449275362	0.997101449275362	0.997101449275362	0.997101449275362	0.997101449275362	0.997101449275362	0.997101449275362	0.997101449275362	0.997101449275362	0.198482501449275
0.997435897435897	0.997435897435897	0.997435897435897	0.997435897435897	0.997435897435897	0.997435897435897	0.997435897435897	0.997435897435897	0.997435897435897	0.997435897435897	0.997435897435897	0.997435897435897	0.199453494871795
0.997245179063361	0.997245179063361	0.997245179063361	0.997245179063361	0.997245179063361	0.997245179063361	0.997245179063361	0.997245179063361	0.997245179063361	0.997245179063361	0.997245179063361	0.997245179063361	0.200529548209366
1	1	1	1	1	1	1	1	1	1	1	1	0.201521069620253
1	1	1	1	1	1	1	1	1	1	1	1	0.202473083333333
1	1	1	1	1	1	1	1	1	1	1	1	0.203514543715847
0.996996996996997	0.996996996996997	0.996996996996997	0.996996996996997	0.996996996996997	0.996996996996997	0.996996996996997	0.996996996996997	0.996996996996997	0.996996996996997	0.996996996996997	0.996996996996997	0.204534156156156
1	1	1	1	1	1	1	1	1	1	1	1	0.205500191823899
0.994202898550725	0.997101449275362	0.997101449275362	0.997101449275362	0.997101449275362	0.997101449275362	0.997101449275362	0.997101449275362	0.997101449275362	0.997101449275362	0.997101449275362	0.997101449275362	0.206498930434783
1	1	1	1	1	1	1	1	1	1	1	1	0.207514175438596
1	1	1	1	1	1	1	1	1	1	1	1	0.208539857142857
0.997455470737914	0.997455470737914	0.997455470737914	0.997455470737914	0.997455470737914	0.997455470737914	0.997455470737914	0.997455470737914	0.997455470737914	0.997455470737914	0.997455470737914	0.997455470737914	0.209511251908397
0.996587030716723	0.996587030716723	1	1	1	1	1	1	1	1	1	1	0.210478215017065
0.997050147492625	0.997050147492625	0.997050147492625	0.997050147492625	0.997050147492625	0.997050147492625	1	1	1	1	1	1	0.211515442477876
0.994219653179191	0.994219653179191	0.994219653179191	0.994219653179191	0.994219653179191	0.994219653179191	0.994219653179191	0.994219653179191	0.994219653179191	0.994219653179191	0.994219653179191	0.994219653179191	0.212477101156069
0.995260663507109	0.997630331753555	0.997630331753555	0.997630331753555	0.997630331753555	0.997630331753555	0.997630331753555	0.997630331753555	0.997630331753555	0.997630331753555	0.997630331753555	0.997630331753555	0.213471803317536
1	1	1	1	1	1	1	1	1	1	1	1	0.214512547169811
1	1	1	1	1	1	1	1	1	1	1	1	0.215507338235294
1	1	1	1	1	1	1	1	1	1	1	1	0.216479968208092
1	1	1	1	1	1	1	1	1	1	1	1	0.21751244092219
1	1	1	1	1	1	1	1	1	1	1	1	0.218504749244713
1	1	1	1	1	1	1	1	1	1	1	1	0.219490622222222
0.996865203761755	0.996865203761755	0.996865203761755	0.996865203761755	0.996865203761755	0.996865203761755	0.996865203761755	0.996865203761755	0.996865203761755	0.996865203761755	0.996865203761755	0.996865203761755	0.220508526645768
1	1	1	1	1	1	1	1	1	1	1	1	0.221500185303514
1	1	1	1	1	1	1	1	1	1	1	1	0.22252213592233
1	1	1	1	1	1	1	1	1	1	1	1	0.22347843030303
0.99702380952381	0.99702380952381	0.99702380952381	0.99702380952381	0.99702380952381	0.99702380952381	0.99702380952381	0.99702380952381	0.99702380952381	0.99702380952381	0.99702380952381	0.99702380952381	0.22451118452381
1	1	1	1	1	1	1	1	1	1	1	1	0.225488607142857
0.996515679442509	0.996515679442509	0.996515679442509	0.996515679442509	0.996515679442509	0.996515679442509	0.996515679442509	0.996515679442509	0.996515679442509	0.996515679442509	0.996515679442509	0.996515679442509	0.226513087108014
0.987261146496815	0.990445859872611	0.990445859872611	0.990445859872611	0.990445859872611	0.990445859872611	0.990445859872611	0.990445859872611	0.990445859872611	0.990445859872611	0.990445859872611	0.990445859872611	0.227487802547771
0.996710526315789	0.996710526315789	0.996710526315789	0.996710526315789	0.996710526315789	0.996710526315789	0.996710526315789	0.996710526315789	0.996710526315789	0.996710526315789	0.996710526315789	0.996710526315789	0.228522513157895
1	1	1	1	1	1	1	1	1	1	1	1	0.229532021148036
1	1	1	1	1	1	1	1	1	1	1	1	0.23048927482679
1	1	1	1	1	1	1	1	1	1	1	1	0.231518415697674
1	1	1	1	1	1	1	1	1	1	1	1	0.232484077380952
1	1	1	1	1	1	1	1	1	1	1	1	0.233463537162162
1	1	1	1	1	1	1	1	1	1	1	1	0.234472458598726
0.996389891696751	0.996389891696751	0.996389891696751	0.996389891696751	0.996389891696751	0.996389891696751	0.996389891696751	0.996389891696751	0.996389891696751	0.996389891696751	0.996389891696751	0.996389891696751	0.235499534296029
1	1	1	1	1	1	1	1	1	1	1	1	0.236526879844961
0.996794871794872	0.993589743589744	0.993589743589744	0.996794871794872	0.996794871794872	0.996794871794872	0.996794871794872	0.996794871794872	0.996794871794872	0.996794871794872	0.996794871794872	0.996794871794872	0.237484810897436
0.996677740863787	0.996677740863787	0.996677740863787	0.996677740863787	0.996677740863787	0.996677740863787	0.996677740863787	0.996677740863787	0.996677740863787	0.996677740863787	0.996677740863787	0.996677740863787	0.238502724252492
1	1	1	1	1	1	1	1	1	1	1	1	0.23948752189781
1	1	1	1	1	1	1	1	1	1	1	1	0.240492932721713
1	1	1	1	1	1	1	1	1	1	1	1	0.241473592286501
0.993846153846154	0.993846153846154	0.993846153846154	0.993846153846154	0.993846153846154	0.993846153846154	0.993846153846154	0.993846153846154	0.993846153846154	0.993846153846154	0.993846153846154	0.993846153846154	0.242497258461538
1	1	1	1	1	1	1	1	1	1	1	1	0.243484789473684
0.994252873563218	0.997126436781609	0.997126436781609	0.997126436781609	0.997126436781609	0.997126436781609	0.997126436781609	0.997126436781609	0.997126436781609	0.997126436781609	0.997126436781609	0.997126436781609	0.244504781609195
0.997222222222222	0.997222222222222	0.997222222222222	0.997222222222222	0.997222222222222	0.997222222222222	0.997222222222222	0.997222222222222	0.997222222222222	0.997222222222222	0.997222222222222	0.997222222222222	0.245505519444444
1	1	1	1	1	1	1	1	1	1	1	1	0.246476804154303
0.997076023391813	0.997076023391813	0.997076023391813	0.997076023391813	0.997076023391813	0.997076023391813	0.997076023391813	0.997076023391813	0.997076023391813	0.997076023391813	0.997076023391813	0.997076023391813	0.247454774853801
1	1	1	1	1	1	1	1	1	1	1	1	0.24850424
1	1	1	1	1	1	1	1	1	1	1	1	0.249552822368421
1	1	1	1	1	1	1	1	1	1	1	1	0.2504682
1	1	1	1	1	1	1	1	1	1	1	1	0.251484203571429
1	1	1	1	1	1	1	1	1	1	1	1	0.252522860273973
1	1	1	1	1	1	1	1	1	1	1	1	0.253498197879859
1	1	1	1	1	1	1	1	1	1	1	1	0.254465923076923
1	1	1	1	1	1	1	1	1	1	1	1	0.255515897260274
1	1	1	1	1	1	1	1	1	1	1	1	0.256499984496124
1	1	1	1	1	1	1	1	1	1	1	1	0.257482225903614
1	1	1	1	1	1	1	1	1	1	1	1	0.258498887681159
0.993975903614458	0.996987951807229	0.996987951807229	0.996987951807229	0.996987951807229	0.996987951807229	0.996987951807229	0.996987951807229	0.996987951807229	0.996987951807229	0.996987951807229	0.996987951807229	0.259567057228916
0.996598639455782	0.996598639455782	0.996598639455782	0.996598639455782	0.996598639455782	0.996598639455782	0.996598639455782	0.996598639455782	0.996598639455782	0.996598639455782	0.996598639455782	0.996598639455782	0.260489340136054
1	1	1	1	1	1	1	1	1	1	1	1	0.261507020833333
1	1	1	1	1	1	1	1	1	1	1	1	0.26249119434629
1	1	1	1	1	1	1	1	1	1	1	1	0.263470149825784
1	1	1	1	1	1	1	1	1	1	1	1	0.264491631578947
0.996688741721854	0.996688741721854	0.996688741721854	0.996688741721854	0.996688741721854	0.996688741721854	0.996688741721854	0.996688741721854	0.996688741721854	0.996688741721854	0.996688741721854	0.996688741721854	0.265497947019868
0.996197718631179	0.996197718631179	0.996197718631179	0.996197718631179	0.996197718631179	0.996197718631179	0.996197718631179	0.996197718631179	0.996197718631179	0.996197718631179	0.996197718631179	0.996197718631179	0.266496870722433
0.996978851963746	0.996978851963746	0.996978851963746	0.996978851963746	0.996978851963746	0.996978851963746	0.996978851963746	0.996978851963746	0.996978851963746	0.996978851963746	0.996978851963746	0.996978851963746	0.267514975830816
1	1	1	1	1	1	1	1	1	1	1	1	0.268504688212928
0.996732026143791	0.996732026143791	0.996732026143791	0.996732026143791	0.996732026143791	0.996732026143791	0.996732026143791	0.996732026143791	0.996732026143791	0.996732026143791	0.996732026143791	0.996732026143791	0.269494169934641
1	1	1	1	1	1	1	1	1	1	1	1	0.270472412955466
0.98828125	0.98828125	0.98828125	0.98828125	0.98828125	0.98828125	0.98828125	0.98828125	0.98828125	0.98828125	0.98828125	0.98828125	0.2714550703125
0.99604743083004	0.99604743083004	0.99604743083004	0.99604743083004	0.99604743083004	0.99604743083004	0.99604743083004	0.99604743083004	0.99604743083004	0.99604743083004	0.99604743083004	0.99604743083004	0.272488335968379
0.996363636363636	0.996363636363636	0.996363636363636	0.996363636363636	0.996363636363636	0.996363636363636	0.996363636363636	0.996363636363636	0.996363636363636	0.996363636363636	0.996363636363636	0.996363636363636	0.273511687272727
1	1	1	1	1	1	1	1	1	1	1	1	0.274462093862816
0.987551867219917	0.987551867219917	0.991701244813278	0.987551867219917	0.987551867219917	0.987551867219917	0.991701244813278	0.991701244813278	0.991701244813278	0.991701244813278	0.991701244813278	0.991701244813278	0.275481742738589
1	1	1	1	1	1	1	1	1	1	1	1	0.276528111111111
0.996062992125984	0.996062992125984	0.996062992125984	0.996062992125984	0.996062992125984	0.996062992125984	0.996062992125984	0.996062992125984	0.996062992125984	0.996062992125984	0.996062992125984	0.996062992125984	0.277527125984252
0.996923076923077	0.996923076923077	0.996923076923077	0.996923076923077	1	1	1	1	1	1	1	1	0.278512310769231
1	1	1	1	1	1	1	1	1	1	1	1	0.279518519287834
1	1	1	1	1	1	1	1	1	1	1	1	0.280510852112676
1	1	1	0.996376811594203	0.996376811594203	1	1	1	1	1	1	1	0.281479713768116
1	1	1	1	1	1	1	1	1	1	1	1	0.282470798449612
1	0.996350364963504	0.996350364963504	0.996350364963504	0.996350364963504	0.996350364963504	1	1	1	1	1	1	0.283529091240876
1	1	1	1	1	1	1	1	1	1	1	1	0.284456297491039
1	1	1	1	1	1	1	1	1	1	1	1	0.285465643171806
1	1	1	1	1	1	1	1	1	1	1	1	0.28653037890625
0.9921875	0.9921875	0.9921875	0.9921875	0.9921875	0.9921875	0.9921875	0.9921875	0.9921875	0.9921875	0.9921875	0.9921875	0.28749598828125
1	1	1	1	1	1	1	1	1	1	1	1	0.288484496621622
1	1	1	1	1	1	1	1	1	1	1	1	0.289478924242424
0.992452830188679	0.992452830188679	0.992452830188679	0.992452830188679	0.992452830188679	0.992452830188679	0.992452830188679	0.992452830188679	0.992452830188679	0.992452830188679	0.992452830188679	0.992452830188679	0.290488101886792
1	1	1	1	1	1	1	1	1	1	1	1	0.291476252747253
0.996268656716418	1	1	1	1	1	1	1	1	1	1	1	0.292509141791045
1	1	1	1	1	1	1	1	1	1	1	1	0.293498377697842
0.99163179916318	0.99163179916318	0.99163179916318	0.99163179916318	0.99163179916318	0.99163179916318	0.99163179916318	0.99163179916318	0.99163179916318	0.99163179916318	0.99163179916318	0.99163179916318	0.294508175732218
1	1	1	1	1	1	1	1	1	1	1	1	0.295465792035398
1	1	1	1	1	1	1	1	1	1	1	1	0.296516322344322
1	1	1	1	1	1	1	1	1	1	1	1	0.297540732142857
0.996610169491525	0.996610169491525	0.996610169491525	0.996610169491525	1	1	1	1	1	1	1	1	0.298522230508475
0.985347985347985	0.985347985347985	0.985347985347985	0.985347985347985	0.985347985347985	0.989010989010989	0.985347985347985	0.985347985347985	0.985347985347985	0.985347985347985	0.985347985347985	0.985347985347985	0.299497827838828
0.996805111821086	0.993610223642173	0.993610223642173	0.993610223642173	0.993610223642173	0.993610223642173	0.993610223642173	0.993610223642173	0.993610223642173	0.993610223642173	0.993610223642173	0.993610223642173	0.300518626198083
1	1	1	1	1	1	1	1	1	1	1	1	0.301513805194805
1	1	1	1	1	1	1	1	1	1	1	1	0.30248397029703
1	1	1	1	1	1	1	1	1	1	1	1	0.30341888
0.991150442477876	0.991150442477876	0.991150442477876	0.991150442477876	0.991150442477876	0.991150442477876	0.991150442477876	0.991150442477876	0.991150442477876	0.991150442477876	0.991150442477876	0.991150442477876	0.304486473451327
0.995049504950495	0.995049504950495	0.995049504950495	0.995049504950495	0.995049504950495	0.995049504950495	0.995049504950495	0.995049504950495	0.995049504950495	0.995049504950495	0.995049504950495	0.995049504950495	0.305508707920792
0.995495495495496	0.995495495495496	0.995495495495496	0.995495495495496	0.995495495495496	0.995495495495496	0.995495495495496	0.995495495495496	0.995495495495496	0.995495495495496	0.995495495495496	0.995495495495496	0.306447013513513
0.991769547325103	0.991769547325103	0.991769547325103	0.991769547325103	0.991769547325103	0.991769547325103	0.991769547325103	0.991769547325103	0.991769547325103	0.991769547325103	0.991769547325103	0.991769547325103	0.307528320987654
0.994318181818182	0.997159090909091	0.997159090909091	0.997159090909091	0.997159090909091	0.997159090909091	0.997159090909091	0.997159090909091	0.997159090909091	0.997159090909091	0.997159090909091	0.997159090909091	0.308529940340909
1	1	1	1	1	1	1	1	1	1	1	1	0.309492052805281
0.996610169491525	0.996610169491525	0.996610169491525	0.996610169491525	0.996610169491525	0.996610169491525	0.996610169491525	0.996610169491525	0.996610169491525	0.996610169491525	0.996610169491525	0.996610169491525	0.310472555932203
0.996031746031746	0.996031746031746	0.996031746031746	0.996031746031746	0.996031746031746	0.996031746031746	0.996031746031746	0.996031746031746	0.996031746031746	0.996031746031746	0.996031746031746	0.996031746031746	0.31148030952381
0.995708154506438	0.995708154506438	0.995708154506438	0.995708154506438	0.995708154506438	0.995708154506438	0.995708154506438	0.995708154506438	0.995708154506438	0.995708154506438	0.995708154506438	0.995708154506438	0.312539862660944
0.996610169491525	1	0.996610169491525	0.996610169491525	1	0.996610169491525	1	1	1	1	1	1	0.313496857627119
1	1	1	1	1	1	1	1	1	1	1	1	0.314481071197411
1	1	1	1	1	1	1	1	1	1	1	1	0.315496516393443
1	1	1	1	1	1	1	1	1	1	1	1	0.316526708154506
0.996376811594203	0.996376811594203	0.996376811594203	0.996376811594203	0.996376811594203	0.996376811594203	0.996376811594203	0.996376811594203	0.996376811594203	0.996376811594203	0.996376811594203	0.996376811594203	0.317489923913043
0.995670995670996	1	1	1	1	1	1	1	1	1	1	1	0.318443887445887
0.995283018867924	0.995283018867924	0.995283018867924	0.995283018867924	0.995283018867924	0.995283018867924	0.995283018867924	0.995283018867924	0.995283018867924	0.995283018867924	0.995283018867924	0.995283018867924	0.319539117924528
0.995762711864407	0.995762711864407	0.995762711864407	0.995762711864407	0.995762711864407	0.995762711864407	0.995762711864407	0.995762711864407	0.995762711864407	0.995762711864407	0.995762711864407	0.995762711864407	0.320493737288136
0.99618320610687	0.99618320610687	0.99618320610687	0.99618320610687	0.99618320610687	0.99618320610687	0.99618320610687	0.99618320610687	0.99618320610687	0.99618320610687	0.99618320610687	0.99618320610687	0.321506236641221
0.9957805907173	0.991561181434599	0.991561181434599	0.9957805907173	0.9957805907173	0.991561181434599	0.991561181434599	0.991561181434599	0.991561181434599	0.991561181434599	0.991561181434599	0.991561181434599	0.322504434599156
1	1	1	1	1	1	1	1	1	1	1	1	0.323528909871245
0.995884773662551	0.995884773662551	0.995884773662551	0.995884773662551	0.995884773662551	0.995884773662551	0.995884773662551	0.995884773662551	0.995884773662551	0.995884773662551	0.995884773662551	0.995884773662551	0.324481152263374
1	1	1	1	1	1	1	1	1	1	1	1	0.325497384615385
1	1	1	1	1	1	1	1	1	1	1	1	0.326525473880597
1	1	1	1	1	1	1	1	1	1	1	1	0.327434462406015
0.995049504950495	0.995049504950495	0.995049504950495	0.995049504950495	0.995049504950495	0.995049504950495	0.995049504950495	0.995049504950495	0.995049504950495	0.995049504950495	0.995049504950495	0.995049504950495	0.328459381188119
0.995762711864407	0.995762711864407	0.995762711864407	0.995762711864407	0.995762711864407	0.995762711864407	0.995762711864407	0.995762711864407	0.995762711864407	0.995762711864407	0.995762711864407	0.995762711864407	0.32947013559322
1	1	1	1	1	1	1	1	1	1	1	1	0.33051101754386
1	1	1	1	1	1	1	1	1	1	1	1	0.331503567164179
1	1	1	1	1	1	1	1	1	1	1	1	0.332553787878788
1	1	1	1	1	1	1	1	1	1	1	1	0.333486318681319
0.993265993265993	0.993265993265993	0.993265993265993	0.993265993265993	0.993265993265993	0.993265993265993	0.993265993265993	0.993265993265993	0.993265993265993	0.993265993265993	0.993265993265993	0.993265993265993	0.334484276094276
0.996503496503496	0.993006993006993	0.993006993006993	0.996503496503496	0.996503496503496	0.993006993006993	0.996503496503496	0.993006993006993	0.993006993006993	0.993006993006993	0.993006993006993	0.993006993006993	0.335484989510489
1	1	1	1	1	1	1	1	1	1	1	1	0.336500490842491
0.991561181434599	0.991561181434599	0.991561181434599	0.991561181434599	0.991561181434599	0.991561181434599	0.991561181434599	0.991561181434599	0.991561181434599	0.991561181434599	0.991561181434599	0.991561181434599	0.337519316455696
1	1	1	1	1	1	1	1	1	1	1	1	0.33852318852459
0.996621621621622	0.996621621621622	0.996621621621622	0.996621621621622	0.996621621621622	0.996621621621622	0.996621621621622	0.996621621621622	0.996621621621622	0.996621621621622	0.996621621621622	0.996621621621622	0.339473790540541
1	1	1	1	1	1	1	1	1	1	1	1	0.340546458823529
0.99622641509434	0.99622641509434	0.99622641509434	0.99622641509434	0.99622641509434	0.99622641509434	0.99622641509434	0.99622641509434	0.99622641509434	0.99622641509434	0.99622641509434	0.99622641509434	0.341506773584906
0.994285714285714	0.994285714285714	0.994285714285714	0.994285714285714	0.994285714285714	0.994285714285714	0.994285714285714	0.994285714285714	0.994285714285714	0.994285714285714	0.994285714285714	0.994285714285714	0.342471871428571
0.99609375	0.99609375	1	1	1	1	1	1	1	1	1	1	0.34350321875
1	1	1	1	1	1	1	1	1	1	1	1	0.344521042016807
1	1	1	1	1	1	1	1	1	1	1	1	0.345496317391304
1	1	1	1	1	1	1	1	1	1	1	1	0.346518164502164
1	1	1	1	1	1	1	1	1	1	1	1	0.347492300925926
1	1	1	1	1	1	1	1	1	1	1	1	0.34848655511811
1	1	1	1	1	1	1	1	1	1	1	1	0.349475337837838
0.995850622406639	0.995850622406639	0.995850622406639	0.995850622406639	0.995850622406639	0.995850622406639	0.995850622406639	0.995850622406639	0.995850622406639	0.995850622406639	0.995850622406639	0.995850622406639	0.350485066390042
0.995762711864407	0.995762711864407	0.995762711864407	0.995762711864407	0.995762711864407	0.995762711864407	0.995762711864407	0.995762711864407	0.995762711864407	0.995762711864407	0.995762711864407	0.995762711864407	0.351516449152542
0.996587030716723	0.996587030716723	0.996587030716723	0.996587030716723	0.996587030716723	0.996587030716723	0.996587030716723	0.996587030716723	0.996587030716723	0.996587030716723	0.996587030716723	0.996587030716723	0.352529887372014
1	1	1	1	1	1	1	1	1	1	1	1	0.353488164948454
1	1	1	1	1	1	1	1	1	1	1	1	0.354499829694323
1	1	1	1	1	1	1	1	1	1	1	1	0.355496363636364
1	1	1	1	1	1	1	1	1	1	1	1	0.356520057894737
1	1	1	1	1	1	1	1	1	1	1	1	0.357526776190476
1	1	1	1	1	1	1	1	1	1	1	1	0.358536423664122
1	1	1	1	1	1	1	1	1	1	1	1	0.359474497674419
1	0.995594713656388	0.995594713656388	1	1	1	0.995594713656388	1	1	1	1	1	0.360556898678414
1	1	1	1	1	1	1	1	1	1	1	1	0.361493919282511
1	1	1	1	1	1	1	1	1	1	1	1	0.362518856481481
0.996282527881041	0.996282527881041	0.996282527881041	0.996282527881041	0.996282527881041	0.996282527881041	0.996282527881041	0.996282527881041	0.996282527881041	0.996282527881041	0.996282527881041	0.996282527881041	0.363501286245353
0.995535714285714	0.995535714285714	0.995535714285714	0.995535714285714	0.995535714285714	0.995535714285714	0.995535714285714	0.995535714285714	0.995535714285714	0.995535714285714	0.995535714285714	0.995535714285714	0.364459790178571
1	1	1	1	1	1	1	1	1	1	1	1	0.365517430493274
1	1	1	1	1	1	1	1	1	1	1	1	0.366505504545455
1	1	1	1	1	1	1	1	1	1	1	1	0.367507327731092
1	1	1	1	1	1	1	1	1	1	1	1	0.368510495238095
1	1	1	1	1	1	1	1	1	1	1	1	0.36947483902439
0.996825396825397	0.996825396825397	0.996825396825397	0.996825396825397	0.996825396825397	0.996825396825397	0.996825396825397	0.996825396825397	0.996825396825397	0.996825396825397	0.996825396825397	0.996825396825397	0.370476028571429
0.995670995670996	0.995670995670996	0.995670995670996	0.995670995670996	0.995670995670996	1	1	0.995670995670996	0.995670995670996	1	1	1	0.371498904761905
1	1	1	1	1	1	1	1	1	1	1	1	0.372492706896552
0.99645390070922	0.99645390070922	0.99645390070922	0.99645390070922	0.99645390070922	0.99645390070922	0.99645390070922	0.99645390070922	0.99645390070922	0.99645390070922	0.99645390070922	0.99645390070922	0.373575609929078
1	1	1	1	1	1	1	1	1	1	1	1	0.374491370106762
0.994535519125683	0.994535519125683	0.994535519125683	0.994535519125683	0.994535519125683	0.994535519125683	0.994535519125683	0.994535519125683	0.994535519125683	0.994535519125683	0.994535519125683	0.994535519125683	0.375502114754098
1	1	0.995652173913044	0.995652173913044	0.995652173913044	0.995652173913044	0.995652173913044	0.995652173913044	0.995652173913044	0.995652173913044	0.995652173913044	0.995652173913044	0.376496573913043
1	1	1	1	1	1	1	1	1	1	1	1	0.377440837301587
0.99009900990099	0.99009900990099	0.99009900990099	0.99009900990099	0.99009900990099	0.99009900990099	0.99009900990099	0.99009900990099	0.99009900990099	0.99009900990099	0.99009900990099	0.99009900990099	0.378539806930693
1	1	1	1	1	1	1	1	1	1	1	1	0.379527643171806
1	1	1	1	1	1	1	1	1	1	1	1	0.380533135135135
0.991304347826087	0.991304347826087	0.991304347826087	0.991304347826087	0.991304347826087	0.991304347826087	0.991304347826087	0.991304347826087	0.991304347826087	0.991304347826087	0.991304347826087	0.991304347826087	0.381473804347826
1	1	1	1	1	1	1	1	1	1	1	1	0.38248661682243
1	1	1	1	1	1	1	1	1	1	1	1	0.383463188034188
1	1	1	1	1	1	1	1	1	1	1	1	0.384476146938776
1	1	1	1	1	1	1	1	1	1	1	1	0.385535163934426
1	1	1	1	1	1	1	1	1	1	1	1	0.386523353488372
1	1	1	1	1	1	1	1	1	1	1	1	0.387551653333333
1	1	1	1	1	1	1	1	1	1	1	1	0.388471806930693
0.994505494505495	0.994505494505495	0.994505494505495	0.994505494505495	0.994505494505495	0.994505494505495	0.994505494505495	0.994505494505495	0.994505494505495	0.994505494505495	0.994505494505495	0.994505494505495	0.389456934065934
0.994117647058824	0.994117647058824	0.994117647058824	0.994117647058824	0.994117647058824	0.994117647058824	0.994117647058824	0.994117647058824	0.994117647058824	0.994117647058824	0.994117647058824	0.994117647058824	0.390514858823529
1	1	1	1	1	1	1	1	1	1	1	1	0.391471772093023
0.994252873563218	0.994252873563218	0.994252873563218	0.994252873563218	0.994252873563218	0.994252873563218	0.994252873563218	0.994252873563218	0.994252873563218	0.994252873563218	0.994252873563218	0.994252873563218	0.392488114942529
0.995594713656388	0.995594713656388	0.995594713656388	0.995594713656388	0.995594713656388	0.995594713656388	0.995594713656388	0.995594713656388	0.995594713656388	0.995594713656388	0.995594713656388	0.995594713656388	0.393515136563877
1	1	1	1	1	1	1	1	1	1	1	1	0.394549228395062
1	1	1	1	1	1	1	1	1	1	1	1	0.395472684491979
1	1	1	1	1	1	1	1	1	1	1	1	0.396497656084656
0.991111111111111	0.991111111111111	0.991111111111111	0.991111111111111	0.991111111111111	0.991111111111111	0.991111111111111	0.991111111111111	0.991111111111111	0.991111111111111	0.991111111111111	0.991111111111111	0.397490808888889
1	1	1	1	1	1	1	1	1	1	1	1	0.398474755760369
0.995918367346939	0.995918367346939	0.995918367346939	0.995918367346939	0.995918367346939	0.995918367346939	0.995918367346939	0.995918367346939	0.995918367346939	0.995918367346939	0.995918367346939	0.995918367346939	0.399536918367347
1	1	1	1	1	1	1	1	1	1	1	1	0.400523297297297
1	1	1	1	1	1	1	1	1	1	1	1	0.401542036649215
0.991266375545852	0.991266375545852	0.995633187772926	0.991266375545852	0.991266375545852	0.991266375545852	0.991266375545852	0.991266375545852	0.991266375545852	0.991266375545852	0.991266375545852	0.991266375545852	0.40249211790393
0.985074626865672	0.990049751243781	0.990049751243781	0.990049751243781	0.990049751243781	0.990049751243781	0.990049751243781	0.990049751243781	0.990049751243781	0.990049751243781	0.990049751243781	0.990049751243781	0.403490970149254
0.994350282485876	0.994350282485876	0.994350282485876	0.994350282485876	0.994350282485876	0.994350282485876	0.994350282485876	0.994350282485876	0.994350282485876	0.994350282485876	0.994350282485876	0.994350282485876	0.404511661016949
0.994736842105263	0.994736842105263	0.994736842105263	0.994736842105263	0.994736842105263	0.994736842105263	0.994736842105263	0.994736842105263	0.994736842105263	0.994736842105263	0.994736842105263	0.994736842105263	0.405492421052632
0.995454545454545	0.995454545454545	0.995454545454545	0.995454545454545	0.995454545454545	0.995454545454545	0.995454545454545	0.995454545454545	0.995454545454545	0.995454545454545	0.995454545454545	0.995454545454545	0.406528168181818
0.987012987012987	0.987012987012987	0.987012987012987	0.987012987012987	0.987012987012987	0.987012987012987	0.987012987012987	0.987012987012987	0.987012987012987	0.987012987012987	0.987012987012987	0.987012987012987	0.40750445021645
1	1	1	1	1	1	1	1	1	1	1	1	0.408501979166667
0.995689655172414	0.995689655172414	0.995689655172414	0.995689655172414	0.995689655172414	0.995689655172414	0.995689655172414	0.995689655172414	0.995689655172414	0.995689655172414	0.995689655172414	0.995689655172414	0.409505793103448
1	1	1	1	1	1	1	1	1	1	1	1	0.410421970149254
1	1	1	1	1	1	1	1	1	1	1	1	0.41147491943128
1	1	1	1	1	1	1	1	1	1	1	1	0.412488805031447
1	1	1	1	1	1	1	1	1	1	1	1	0.413505076555024
1	1	1	1	1	1	1	1	1	1	1	1	0.414558133640553
1	1	1	1	1	1	1	1	1	1	1	1	0.41551118907563
1	1	1	1	1	1	1	1	1	1	1	1	0.416501084337349
1	1	1	1	1	1	1	1	1	1	1	1	0.417481704166667
1	1	1	1	1	1	1	1	1	1	1	1	0.41847388559322
1	1	1	1	1	1	1	1	1	1	1	1	0.419477621276596
1	1	1	1	1	1	1	1	1	1	1	1	0.420494849056604
1	1	1	1	1	1	1	1	1	1	1	1	0.42151659798995
0.988505747126437	0.988505747126437	0.988505747126437	0.988505747126437	0.988505747126437	0.988505747126437	0.988505747126437	0.988505747126437	0.988505747126437	0.988505747126437	0.988505747126437	0.988505747126437	0.422560293103448
1	1	1	1	1	1	1	1	1	1	1	1	0.42346781773399
1	1	1	1	1	1	1	1	1	1	1	1	0.424498587628866
0.994594594594595	0.994594594594595	0.994594594594595	0.994594594594595	0.994594594594595	0.994594594594595	0.994594594594595	0.994594594594595	0.994594594594595	0.994594594594595	0.994594594594595	0.994594594594595	0.425420454054054
1	1	1	1	1	1	1	1	1	1	1	1	0.426477630434783
0.994350282485876	0.994350282485876	0.994350282485876	0.994350282485876	0.994350282485876	0.994350282485876	0.994350282485876	0.994350282485876	0.994350282485876	0.994350282485876	0.994350282485876	0.994350282485876	0.427490734463277
0.995689655172414	0.995689655172414	0.995689655172414	0.995689655172414	0.995689655172414	0.995689655172414	0.995689655172414	0.995689655172414	0.995689655172414	0.995689655172414	0.995689655172414	0.995689655172414	0.428601301724138
0.994565217391304	0.994565217391304	0.994565217391304	0.994565217391304	0.994565217391304	0.994565217391304	0.994565217391304	0.994565217391304	0.994565217391304	0.994565217391304	0.994565217391304	0.994565217391304	0.429500820652174
0.990291262135922	0.990291262135922	0.990291262135922	0.990291262135922	0.990291262135922	0.990291262135922	0.990291262135922	0.990291262135922	0.990291262135922	0.990291262135922	0.990291262135922	0.990291262135922	0.4305425
1	1	1	1	1	1	1	1	1	1	1	1	0.431466336065574
0.989473684210526	0.989473684210526	0.989473684210526	0.989473684210526	0.989473684210526	0.989473684210526	0.989473684210526	0.989473684210526	0.989473684210526	0.989473684210526	0.989473684210526	0.989473684210526	0.432439415789474
1	1	1	1	1	1	1	1	1	1	1	1	0.43351756744186
1	1	1	1	1	1	1	1	1	1	1	1	0.434498188679245
1	1	1	1	1	1	1	1	1	1	1	1	0.435535117021277
0.990384615384615	0.990384615384615	0.990384615384615	0.990384615384615	0.990384615384615	0.990384615384615	0.990384615384615	0.990384615384615	0.990384615384615	0.990384615384615	0.990384615384615	0.990384615384615	0.436547807692308
1	1	1	1	1	1	1	1	1	1	1	1	0.437490183544304
0.995024875621891	0.995024875621891	0.995024875621891	0.995024875621891	0.995024875621891	0.995024875621891	0.995024875621891	0.995024875621891	0.995024875621891	0.995024875621891	0.995024875621891	0.995024875621891	0.438484880597015
0.994764397905759	1	1	1	1	1	1	1	1	1	1	1	0.43943945026178
0.994652406417112	0.994652406417112	0.994652406417112	0.994652406417112	0.994652406417112	0.994652406417112	0.994652406417112	0.994652406417112	0.994652406417112	0.994652406417112	0.994652406417112	0.994652406417112	0.440481818181818
1	1	1	1	1	1	1	1	1	1	1	1	0.441489680365297
0.99468085106383	0.99468085106383	0.99468085106383	0.99468085106383	0.99468085106383	0.99468085106383	0.99468085106383	0.99468085106383	0.99468085106383	0.99468085106383	0.99468085106383	0.99468085106383	0.442559313829787
0.983695652173913	0.983695652173913	0.983695652173913	0.983695652173913	0.983695652173913	0.983695652173913	0.983695652173913	0.983695652173913	0.983695652173913	0.983695652173913	0.983695652173913	0.983695652173913	0.443533907608696
1	1	1	1	1	0.995073891625616	0.995073891625616	0.995073891625616	0.995073891625616	0.995073891625616	0.995073891625616	0.995073891625616	0.444506960591133
0.994764397905759	1	1	1	1	0.994764397905759	0.994764397905759	0.994764397905759	0.994764397905759	0.994764397905759	0.994764397905759	0.994764397905759	0.445487853403141
1	0.993939393939394	1	1	1	1	1	1	1	1	1	1	0.446486951515151
1	1	1	1	1	1	1	1	1	1	1	1	0.447514328205128
1	1	1	1	1	1	1	1	1	1	1	1	0.448494598130841
1	1	1	1	1	1	1	1	1	1	1	1	0.449500563573883
1	1	1	1	1	1	1	1	1	1	1	1	0.450562590909091
1	1	1	1	1	1	1	1	1	1	1	1	0.451474251082251
0.995515695067265	0.995515695067265	0.995515695067265	0.995515695067265	0.995515695067265	0.995515695067265	0.995515695067265	0.995515695067265	0.995515695067265	0.995515695067265	0.995515695067265	0.995515695067265	0.452478717488789
0.995169082125604	0.995169082125604	0.995169082125604	0.995169082125604	0.995169082125604	0.995169082125604	0.995169082125604	0.995169082125604	0.995169082125604	0.995169082125604	0.995169082125604	0.995169082125604	0.453462922705314
1	1	1	1	1	1	1	1	1	1	1	1	0.454461509433962
0.995744680851064	0.995744680851064	0.995744680851064	0.995744680851064	0.995744680851064	0.995744680851064	0.995744680851064	0.995744680851064	0.995744680851064	0.995744680851064	0.995744680851064	0.995744680851064	0.455540387234043
0.99609375	0.99609375	0.99609375	0.99609375	0.99609375	0.99609375	0.99609375	0.99609375	0.99609375	0.99609375	0.99609375	0.99609375	0.45654918359375
0.996466431095406	0.996466431095406	0.996466431095406	0.996466431095406	0.996466431095406	0.996466431095406	0.996466431095406	0.996466431095406	0.996466431095406	0.996466431095406	0.996466431095406	0.996466431095406	0.45754406360424
0.994845360824742	0.994845360824742	0.994845360824742	0.994845360824742	0.994845360824742	0.994845360824742	0.994845360824742	0.994845360824742	0.994845360824742	0.994845360824742	0.994845360824742	0.994845360824742	0.458457103092784
1	1	1	1	1	1	1	1	1	1	1	1	0.459470735177866
0.995215311004785	0.995215311004785	0.995215311004785	0.995215311004785	0.995215311004785	0.995215311004785	0.995215311004785	0.995215311004785	0.995215311004785	0.995215311004785	0.995215311004785	0.995215311004785	0.4604524784689
1	1	1	1	1	1	1	1	1	1	1	1	0.46148390990991
1	1	1	1	1	1	1	1	1	1	1	1	0.46248193627451
1	1	1	1	1	1	1	1	1	1	1	1	0.463509605555556
1	1	1	1	1	1	1	1	1	1	1	1	0.464520803921569
0.995049504950495	0.995049504950495	0.995049504950495	0.995049504950495	0.995049504950495	0.995049504950495	0.995049504950495	0.995049504950495	0.995049504950495	0.995049504950495	0.995049504950495	0.995049504950495	0.465495128712871
1	1	1	1	1	1	1	1	1	1	1	1	0.466452098214286
0.991150442477876	0.991150442477876	0.991150442477876	0.991150442477876	0.991150442477876	0.991150442477876	0.991150442477876	0.991150442477876	0.991150442477876	0.991150442477876	0.991150442477876	0.991150442477876	0.467467252212389
0.995884773662551	0.995884773662551	1	1	1	1	1	1	1	1	1	1	0.468474654320988
1	1	1	1	1	1	1	1	1	1	1	1	0.469543267489712
1	1	1	1	1	1	1	1	1	1	1	1	0.470505741312741
0.995798319327731	0.995798319327731	0.995798319327731	0.995798319327731	0.995798319327731	0.995798319327731	0.995798319327731	0.995798319327731	0.995798319327731	0.995798319327731	0.995798319327731	0.995798319327731	0.471566495798319
0.995145631067961	0.995145631067961	0.995145631067961	0.995145631067961	0.995145631067961	0.995145631067961	0.995145631067961	0.995145631067961	0.995145631067961	0.995145631067961	0.995145631067961	0.995145631067961	0.472511660194175
1	1	1	1	1	1	1	1	1	1	1	1	0.473443525821596
1	1	1	1	1	1	1	1	1	1	1	1	0.474445120418848
1	1	1	1	1	1	1	1	1	1	1	1	0.475506251207729
0.994117647058824	0.994117647058824	0.994117647058824	0.994117647058824	0.994117647058824	0.994117647058824	0.994117647058824	0.994117647058824	0.994117647058824	0.994117647058824	0.994117647058824	0.994117647058824	0.476542317647059
1	1	1	1	1	1	1	1	1	1	1	1	0.477542905940594
1	1	1	1	1	1	1	1	1	1	1	1	0.478562624413146
0.994047619047619	0.994047619047619	0.994047619047619	0.994047619047619	0.994047619047619	0.994047619047619	0.994047619047619	0.994047619047619	0.994047619047619	0.994047619047619	0.994047619047619	0.994047619047619	0.479513821428571
0.995348837209302	0.995348837209302	0.990697674418605	0.995348837209302	0.995348837209302	0.995348837209302	0.995348837209302	0.990697674418605	0.990697674418605	0.990697674418605	0.990697674418605	0.990697674418605	0.480467311627907
1	1	1	1	1	1	1	1	1	1	1	1	0.481469387640449
1	1	1	1	1	1	1	1	1	1	1	1	0.482522596938776
1	1	1	1	1	1	1	1	1	1	1	1	0.483521091397849
1	1	1	1	1	1	1	1	1	1	1	1	0.48461054787234
1	1	1	1	1	1	1	1	1	1	1	1	0.485544322580645
0.994444444444444	0.994444444444444	0.994444444444444	0.994444444444444	0.994444444444444	0.994444444444444	0.994444444444444	0.994444444444444	0.994444444444444	0.994444444444444	0.994444444444444	0.994444444444444	0.486494877777778
1	1	1	1	1	1	1	1	1	1	1	1	0.487445603015075
1	1	1	1	0.995283018867924	0.995283018867924	1	1	1	1	1	1	0.48850416509434
0.995145631067961	0.995145631067961	0.995145631067961	0.995145631067961	0.995145631067961	0.995145631067961	0.995145631067961	0.995145631067961	0.995145631067961	0.995145631067961	0.995145631067961	0.995145631067961	0.489488262135922
1	1	1	1	1	1	1	1	1	1	1	1	0.490519840707965
1	1	1	1	1	1	1	1	1	1	1	1	0.491558030973451
0.994117647058824	0.994117647058824	0.988235294117647	0.988235294117647	0.994117647058824	0.988235294117647	0.994117647058824	0.988235294117647	0.988235294117647	0.988235294117647	0.988235294117647	0.994117647058824	0.492520488235294
0.99	0.99	0.99	0.99	0.99	0.99	0.99	0.99	0.99	0.99	0.99	0.99	0.493489135
0.991111111111111	0.991111111111111	0.991111111111111	0.991111111111111	0.991111111111111	0.991111111111111	0.991111111111111	0.991111111111111	0.991111111111111	0.991111111111111	0.991111111111111	0.991111111111111	0.494468924444444
1	1	1	1	1	1	1	1	1	1	1	1	0.495467045833333
1	1	1	1	1	1	1	1	1	1	1	1	0.496496252475248
1	1	1	1	1	1	1	1	1	1	1	1	0.497541852791878
0.994413407821229	0.994413407821229	0.994413407821229	0.994413407821229	0.994413407821229	0.994413407821229	0.994413407821229	0.994413407821229	0.994413407821229	0.994413407821229	0.994413407821229	0.994413407821229	0.498562379888268
1	1	1	1	1	1	1	1	1	1	1	1	0.499534205405405
