MAF	n100	n200	n300	n400	n500	n1000	n2000
0.000205997266401907	0.349823100599384	0.339717394757744	0.343210253922044	0.34126103119444	0.338290124454501	0.334446365674031	0.325362450278441
0.000411963749118872	0.576164774570224	0.563083627042614	0.560292596184934	0.553650824442289	0.54904494018752	0.529064796905222	0.507233012820513
0.000618006116402117	0.643953944145027	0.62412987012987	0.626465786901271	0.619984367366878	0.61720166015625	0.598562256809338	0.582288119288119
0.000823873501259446	0.661790012804097	0.635345717884131	0.636402042118698	0.630207270408163	0.623115409004439	0.602685641998735	0.58663476070529
0.0011255671906944	0.70232376166547	0.675842791681354	0.679851131541726	0.670894699646643	0.665976333451077	0.647516390553401	0.63710927035601
0.00144133289044289	0.7302125	0.70637296037296	0.699070202808112	0.691751557632399	0.685111370716511	0.665966588966589	0.659289044289044
0.00164793177728614	0.755922503725782	0.733091445427729	0.73179940564636	0.727285608856089	0.727422566371681	0.712085545722714	0.708923303834808
0.00185390650698603	0.825012064343164	0.803260811709913	0.797659090909091	0.792132578281146	0.786504996668887	0.775641383898869	0.768977378576181
0.00247210812772134	0.809447445255474	0.787293722786647	0.779256228405165	0.772156068313953	0.769474936432982	0.760371371552975	0.756170174165457
0.00349021716044557	0.840596860719253	0.814636896619113	0.810648701809599	0.804952706664061	0.802035763142466	0.795231385577487	0.79202364666797
0.00452073063028953	0.883089932885906	0.864938530066815	0.860143270944742	0.856017817371938	0.854771714922049	0.848358574610245	0.8461285077951
0.00553064500953743	0.901475769873478	0.882991177873152	0.879049367994276	0.875176723109945	0.872737005245589	0.869441106342394	0.868043872198379
0.00657046647938931	0.902544645596809	0.889000916030534	0.884357251908397	0.882294961832061	0.881828396946565	0.878592061068702	0.879084580152672
0.00743398564338235	0.926235889570552	0.910474264705882	0.906824448529412	0.905215073529412	0.903247242647059	0.901322303921569	0.899574754901961
0.00843564777178541	0.934555555555556	0.922738291229066	0.921206074368436	0.918643485665626	0.917655123474312	0.914408458699972	0.913382060743684
0.00946702560753532	0.947701225259189	0.936936577708006	0.934032025117739	0.93305557299843	0.932182103610675	0.930302354788069	0.929894819466248
0.0104819189364462	0.946881245944192	0.939853437094682	0.937918936446174	0.93714850843061	0.936832036316472	0.936188715953307	0.936264915693904
0.011546607223641	0.948997810218978	0.941923750456038	0.939079897847501	0.938604888726742	0.93902626778548	0.937786574242977	0.937838744983583
0.012547066693778	0.948841741253051	0.939690931272875	0.938367629117527	0.937793818625458	0.93803497356649	0.93673241154941	0.936942659617731
0.0135378937944102	0.950455450236967	0.947193273330175	0.950878256750355	0.950413548081478	0.950178588346755	0.949875888204642	0.949139744197063
0.014463834013901	0.95983058210252	0.953435273675065	0.953777584708949	0.95448045178106	0.954834057341442	0.954144222415291	0.954588184187663
0.0154671772634998	0.962432981316003	0.958301664636622	0.957320341047503	0.957008526187576	0.957565976451482	0.956931384490459	0.956676410881039
0.0164815753104819	0.960381709741551	0.954013412816691	0.954215101838053	0.954131147540984	0.953608047690015	0.953406358668654	0.953332339791356
0.0175227282702238	0.965499784761085	0.963711703958692	0.963492685025818	0.963342943201377	0.963082616179002	0.960666953528399	0.960858864027539
0.0185398735294118	0.963040567951318	0.959825050709939	0.960026369168357	0.960662271805274	0.961504056795132	0.961339249492901	0.962310851926978
0.0195529323094425	0.967003414911781	0.96641638225256	0.965801478953356	0.965748577929465	0.966262229806598	0.965420364050057	0.964442548350398
0.0205008154187817	0.967756979695432	0.966695431472081	0.964513324873096	0.964691624365482	0.96415038071066	0.964694162436548	0.964743020304568
0.0214424918503674	0.968625250501002	0.968705410821643	0.968525718102872	0.968305945223781	0.968472945891784	0.967647294589178	0.968571142284569
0.0224636375909993	0.973037723362012	0.970257445400397	0.971385837193911	0.971622766379881	0.971121111846459	0.969751819986764	0.969218398411648
0.0234577561774744	0.967930327868852	0.967476450511945	0.968960409556314	0.969561092150171	0.969552218430034	0.969003412969283	0.969114675767918
0.0245030625915081	0.97510541727672	0.974879209370425	0.97351317715959	0.972795021961933	0.971966325036603	0.97197803806735	0.970965592972182
0.0255523059052059	0.967864024864025	0.970573426573427	0.971777000777001	0.971005439005439	0.970829836829837	0.97089898989899	0.971505050505051
0.0265869189189189	0.965049959049959	0.964466011466012	0.96531941031941	0.965760032760033	0.966178542178542	0.964665847665848	0.965371826371826
0.0275107961406518	0.96448627787307	0.96627615780446	0.968224699828473	0.968304459691252	0.96831217838765	0.968542881646655	0.96872384219554
0.0284561446428571	0.972352678571429	0.973600892857143	0.974109821428571	0.973844642857143	0.973313392857143	0.972013392857143	0.971873214285714
0.0294687205560236	0.971712721145746	0.972074136478517	0.972022746419545	0.972233361415333	0.97239848357203	0.971634372367313	0.971756529064869
0.0304543486037736	0.981421886792453	0.981814339622642	0.981947169811321	0.982144150943396	0.98204	0.980935094339623	0.980564528301887
0.0314970257798165	0.972637614678899	0.974560550458716	0.974711926605505	0.975492660550459	0.975348623853211	0.974744036697248	0.974300917431193
0.0325660094304388	0.977134453781513	0.975057889822596	0.975607843137255	0.975721755368814	0.976048552754435	0.976393090569561	0.976175536881419
0.033530407537248	0.981542506573181	0.979228746713409	0.980144609991236	0.980205083260298	0.979567922874671	0.979390008764242	0.979149868536372
0.0345132355850422	0.975741857659831	0.977525934861279	0.978318455971049	0.978072376357057	0.978089264173703	0.977860072376357	0.977320868516285
0.0354726630864198	0.972666666666667	0.973811111111111	0.97489012345679	0.974459259259259	0.975525925925926	0.976537037037037	0.975981481481481
0.0364636733788396	0.979351535836178	0.978474402730375	0.977691695108077	0.97825369738339	0.977984072810011	0.978117178612059	0.977753128555176
0.0375355035331906	0.978633832976445	0.979180942184154	0.979546038543897	0.979232334047109	0.97877408993576	0.97924625267666	0.978826552462527
0.0385122169964029	0.98261690647482	0.982634892086331	0.981928057553957	0.981875899280576	0.981767086330935	0.982428057553957	0.982419064748201
0.039516635302391	0.978762306610408	0.977669479606188	0.977279887482419	0.977063291139241	0.977127988748242	0.978198312236287	0.97814064697609
0.0405738813253012	0.982227710843373	0.982278313253012	0.9825	0.982256626506024	0.982942168674699	0.982884337349398	0.982828915662651
0.0415648268945022	0.982744427934621	0.982765230312036	0.982417533432392	0.98207132243685	0.982344725111441	0.982154531946508	0.981362555720654
0.0424818895213454	0.986862871927555	0.987355756791721	0.986688227684347	0.986366106080207	0.985944372574385	0.985410090556274	0.985662354463131
0.0434403639143731	0.979266055045872	0.981311926605505	0.980909785932722	0.981149847094801	0.981474006116208	0.981058103975535	0.981452599388379
0.0445067517460317	0.980349206349206	0.9809	0.980904761904762	0.980561904761905	0.980849206349206	0.980261904761905	0.980706349206349
0.0455262955903272	0.985364153627312	0.985408250355619	0.985735419630156	0.986089615931721	0.986031294452347	0.985918918918919	0.985704125177809
0.0465572237379162	0.984210526315789	0.987058002148228	0.986515574650913	0.985525241675618	0.985373791621912	0.986004296455424	0.98571321160043
0.0474999778961385	0.975205059920107	0.979272969374168	0.979431424766977	0.976926764314248	0.975042609853529	0.976884154460719	0.977643142476698
0.0485453575322812	0.986057388809182	0.985107604017217	0.985545193687231	0.985469153515065	0.985572453371592	0.985853658536585	0.985674318507891
0.0494668924719101	0.989026966292135	0.988595505617977	0.988049438202247	0.988385393258427	0.988840449438202	0.988549438202247	0.98878202247191
0.0504699550847458	0.99004802259887	0.987707627118644	0.986491525423729	0.986265536723164	0.986305084745763	0.986358757062147	0.986357344632768
0.051502817654321	0.989201234567901	0.989259259259259	0.989508641975309	0.990292592592593	0.990351851851852	0.989628395061728	0.989758024691358
0.0524156292746114	0.98665932642487	0.986860103626943	0.986814766839378	0.987213730569948	0.987141191709845	0.987	0.987383419689119
0.0535215071544715	0.982068292682927	0.984653658536585	0.984869918699187	0.985434146341463	0.985035772357724	0.985130081300813	0.985635772357724
0.0545037986013986	0.984856643356643	0.983145104895105	0.984344405594406	0.984987762237762	0.985090909090909	0.984715034965035	0.98488986013986
0.055495343040293	0.986652014652015	0.987108058608059	0.986959706959707	0.987032967032967	0.986972527472528	0.98706043956044	0.987173992673993
0.0564695687392055	0.985421416234888	0.987150259067358	0.987355785837651	0.98772884283247	0.988017271157168	0.987894645941278	0.988094991364421
0.0574772070743405	0.987525179856115	0.988822541966427	0.988997601918465	0.989696642685851	0.989791366906475	0.989719424460432	0.989888489208633
0.0585008953416149	0.982886645962733	0.983762422360248	0.985068322981366	0.985636645962733	0.985518633540373	0.985333850931677	0.985577639751553
0.0595744496111975	0.987021772939347	0.987575427682737	0.988272161741835	0.988181959564541	0.988359253499222	0.988659409020218	0.988754276827372
0.0605287567335244	0.99330229226361	0.993147564469914	0.992766475644699	0.992418338108882	0.992418338108882	0.99189111747851	0.991780802292264
0.0615190619873817	0.988476340694006	0.990249211356467	0.989913249211356	0.98983596214511	0.989965299684543	0.989876971608833	0.989834384858044
0.0625377685436893	0.989766990291262	0.990467961165049	0.990392233009709	0.990510679611651	0.99038640776699	0.990357281553398	0.990229126213592
0.063468298125	0.987684375	0.988165625	0.9876296875	0.987446875	0.9873171875	0.9872765625	0.9873140625
0.0644109777777778	0.988983896940419	0.989800322061192	0.990391304347826	0.990338164251208	0.990557165861514	0.990378421900161	0.990479871175523
0.065556383463035	0.986593385214008	0.986394941634241	0.986503891050584	0.986274319066148	0.98606420233463	0.986536964980545	0.986739299610895
0.0664764888594165	0.990989389920424	0.990529177718833	0.99036074270557	0.989709549071618	0.989590185676393	0.989640583554377	0.990149867374005
0.0675250647308782	0.991730878186969	0.991831444759207	0.991665722379603	0.99143342776204	0.991232294617564	0.991324362606232	0.991565155807365
0.0685455453936348	0.992286432160804	0.990762144053601	0.991180904522613	0.991185929648241	0.990857621440536	0.99078391959799	0.990943048576214
0.0695121390675241	0.99087459807074	0.990676848874598	0.991368167202572	0.991691318327974	0.991921221864952	0.991262057877814	0.991385852090032
0.0704388944751381	0.986574585635359	0.986731123388582	0.986333333333333	0.986920810313076	0.98719152854512	0.986817679558011	0.986942909760589
0.0714496468817204	0.993490322580645	0.993651612903226	0.992847311827957	0.992509677419355	0.992498924731183	0.991952688172043	0.991825806451613
0.0725033518026565	0.98580834914611	0.986140417457306	0.985872865275142	0.986001897533207	0.985889943074004	0.986030360531309	0.986075901328273
0.0734947053784861	0.993268924302789	0.99397609561753	0.994440239043825	0.994201195219124	0.994123505976096	0.993657370517928	0.99302390438247
0.0745559789168279	0.989996131528046	0.990137330754352	0.990013539651837	0.989926499032882	0.989802707930368	0.98921083172147	0.989526112185687
0.0755293390495868	0.992398760330578	0.991673553719008	0.991545454545455	0.99098347107438	0.991543388429752	0.991247933884298	0.991326446280992
0.0765561882352941	0.991323529411765	0.990235294117647	0.990174509803922	0.989807843137255	0.99001568627451	0.990578431372549	0.990688235294118
0.0774094072580645	0.983623655913978	0.98330376344086	0.983056451612903	0.982387096774194	0.982825268817204	0.983333333333333	0.983518817204301
0.0784725699438202	0.987567415730337	0.98648595505618	0.98601404494382	0.985598314606742	0.98525	0.984837078651685	0.985269662921348
0.0795099739565943	0.992919866444073	0.993016694490818	0.990616026711185	0.987594323873122	0.986440734557596	0.987439065108514	0.987888146911519
0.0804774717703349	0.992361244019139	0.991433014354067	0.991877990430622	0.99166985645933	0.991925837320574	0.991858851674641	0.992217703349282
0.0815589943760984	0.990330404217926	0.990400702987698	0.990369068541301	0.990268892794376	0.99018453427065	0.990335676625659	0.990444639718805
0.082510873857868	0.991492385786802	0.990855329949239	0.990928934010152	0.991	0.991208121827411	0.991624365482234	0.991593908629442
0.0835102204081633	0.990760932944606	0.98936443148688	0.98869387755102	0.988437317784257	0.987717201166181	0.987326530612245	0.987527696793003
0.08452095	0.991453488372093	0.991281007751938	0.991488372093023	0.991271317829457	0.991089147286822	0.990558139534884	0.991085271317829
0.0854240998266898	0.992188908145581	0.992362218370884	0.992814558058925	0.992625649913345	0.992618717504333	0.992162911611785	0.992046793760832
0.0864795720720721	0.98595045045045	0.989387387387387	0.990846846846847	0.990779279279279	0.990675675675676	0.989934684684685	0.990144144144144
0.0875178982716049	0.982804938271605	0.987177777777778	0.988787654320988	0.988765432098765	0.989224691358025	0.989044444444444	0.988866666666667
0.0884714880095923	0.985992805755396	0.990242206235012	0.991285371702638	0.991177458033573	0.991333333333333	0.990877697841727	0.990928057553957
0.0895300015517241	0.991779310344828	0.991370689655172	0.991418965517241	0.991125862068965	0.9913	0.991127586206897	0.991118965517241
0.0905216628712871	0.994492574257426	0.993175742574257	0.993564356435644	0.993787128712871	0.993957920792079	0.993774752475247	0.993824257425743
0.0914844495601173	0.99016715542522	0.990601173020528	0.989932551319648	0.989615835777126	0.990073313782991	0.990129032258064	0.990058651026393
0.0924869272486772	0.99284126984127	0.993716931216931	0.994531746031746	0.994624338624339	0.994444444444444	0.993732804232804	0.993812169312169
0.0934209459161148	0.99441059602649	0.994209713024283	0.993911699779249	0.993668874172185	0.993655629139073	0.993470198675497	0.994011037527594
0.0945585538116592	0.991484304932735	0.991170403587444	0.991506726457399	0.991311659192825	0.991526905829596	0.991899103139013	0.992013452914798
0.0955114006564552	0.993665207877462	0.993822757111597	0.993862144420131	0.99380306345733	0.993728665207878	0.993636761487965	0.99390590809628
0.0965633824894515	0.989902953586498	0.989729957805907	0.990508438818565	0.990616033755274	0.99065611814346	0.990924050632911	0.991021097046414
0.0975063026690391	0.993818505338078	0.993825622775801	0.993921708185053	0.99382206405694	0.994151245551601	0.994311387900356	0.994202846975089
0.0984641868073879	0.988493403693931	0.988759894459103	0.988511873350923	0.988976253298153	0.98968073878628	0.990166226912929	0.99021635883905
0.0994893153846154	0.992501326259947	0.991283819628647	0.991347480106101	0.991514588859416	0.991575596816976	0.991984084880637	0.991779840848806
0.100448836565097	0.994504155124654	0.99512188365651	0.994916897506925	0.995030470914127	0.995202216066482	0.995049861495845	0.995124653739612
0.101558829039813	0.993388758782201	0.992873536299766	0.99316393442623	0.99303981264637	0.992857142857143	0.993224824355972	0.993470725995316
0.102470914893617	0.992399527186761	0.993063829787234	0.993451536643026	0.992787234042553	0.992652482269504	0.992203309692671	0.992156028368794
0.103534303116147	0.993090651558074	0.992130311614731	0.992464589235127	0.992232294617564	0.992022662889518	0.991985835694051	0.992399433427762
0.104532460843373	0.994186746987952	0.994614457831325	0.994909638554217	0.994906626506024	0.994822289156627	0.994566265060241	0.994834337349398
0.105505122754491	0.995619760479042	0.994341317365269	0.994452095808383	0.99437125748503	0.994089820359281	0.994134730538922	0.994290419161677
0.1064695	0.990491124260355	0.989627218934911	0.98991124260355	0.989491124260355	0.989115384615385	0.989730769230769	0.990307692307692
0.107507739631336	0.992069124423963	0.992516129032258	0.99236866359447	0.992403225806452	0.992467741935484	0.992377880184332	0.992290322580645
0.108425017786561	0.985824110671937	0.989766798418972	0.990120553359684	0.989881422924901	0.989318181818182	0.989160079051383	0.988717391304348
0.109516144208038	0.993744680851064	0.994699763593381	0.994612293144208	0.994891252955083	0.995054373522459	0.995002364066194	0.99506146572104
0.110537504854369	0.994424757281553	0.994063106796117	0.994283980582524	0.994216019417476	0.994337378640777	0.994145631067961	0.994080097087379
0.111513524242424	0.993087878787879	0.993857575757576	0.993742424242424	0.993245454545455	0.99330303030303	0.993181818181818	0.993412121212121
0.112438278625954	0.994435114503817	0.993824427480916	0.99343893129771	0.993374045801527	0.99356106870229	0.993465648854962	0.993576335877863
0.113449512121212	0.994784848484848	0.994518181818182	0.994436363636364	0.994018181818182	0.994236363636364	0.994321212121212	0.994606060606061
0.114520722090261	0.994427553444181	0.993413301662708	0.994173396674584	0.994049881235154	0.994187648456057	0.994097387173397	0.994057007125891
0.115472246575342	0.992846575342466	0.991506849315068	0.991841095890411	0.991619178082192	0.991879452054795	0.991950684931507	0.992134246575342
0.116519402173913	0.991865942028985	0.991735507246377	0.991297101449275	0.991278985507246	0.991394927536232	0.991373188405797	0.991496376811594
0.117492839116719	0.99398738170347	0.992914826498423	0.993381703470032	0.992542586750789	0.992473186119874	0.992485804416404	0.992763406940063
0.118575188679245	0.993578616352201	0.993735849056604	0.994575471698113	0.994292452830189	0.99435534591195	0.994333333333333	0.994147798742138
0.119462255102041	0.993301020408163	0.993114795918367	0.992938775510204	0.993081632653061	0.993303571428571	0.993104591836735	0.993395408163265
0.120493345454545	0.991693939393939	0.991069696969697	0.991063636363636	0.990878787878788	0.99090303030303	0.991024242424242	0.991081818181818
0.121494750809061	0.99384142394822	0.993640776699029	0.993265372168285	0.993404530744337	0.993349514563107	0.993275080906149	0.993699029126214
0.12248684789644	0.986844660194175	0.986644012944984	0.986695792880259	0.986851132686084	0.986857605177993	0.986514563106796	0.986977346278317
0.123546453947368	0.991960526315789	0.992611842105263	0.991990131578947	0.99172697368421	0.991819078947368	0.991601973684211	0.992075657894737
0.124522691082803	0.993420382165605	0.993289808917197	0.99353821656051	0.99359872611465	0.993735668789809	0.993796178343949	0.994022292993631
0.125498304347826	0.992648829431438	0.992498327759197	0.992816053511706	0.993066889632107	0.993297658862876	0.993571906354515	0.99343143812709
0.12648426	0.99462	0.994826666666667	0.994986666666667	0.995323333333333	0.995383333333333	0.99531	0.995436666666667
0.127482118733509	0.993308707124011	0.992622691292876	0.992604221635884	0.992456464379947	0.992722955145119	0.992609498680739	0.992667546174142
0.128528741100324	0.989614886731392	0.988818770226537	0.988993527508091	0.988815533980583	0.98888996763754	0.988414239482201	0.988504854368932
0.129506084134615	0.994973557692308	0.994435096153846	0.993882211538462	0.993502403846154	0.992764423076923	0.99253125	0.992923076923077
0.130527884368308	0.99275374732334	0.992113490364026	0.991751605995717	0.99123982869379	0.990683083511777	0.990055674518201	0.99055460385439
0.131501636963696	0.989844884488449	0.989920792079208	0.989950495049505	0.990273927392739	0.990085808580858	0.98976897689769	0.990023102310231
0.132502258964143	0.99604780876494	0.9959203187251	0.996089641434263	0.996410358565737	0.996292828685259	0.996135458167331	0.996266932270916
0.133542347087379	0.996895631067961	0.996949029126214	0.996395631067961	0.996242718446602	0.99621359223301	0.995655339805825	0.995553398058252
0.13444617264574	0.995513452914798	0.99607399103139	0.995834080717489	0.995863228699552	0.995737668161435	0.995356502242152	0.995517937219731
0.13546398490566	0.994584905660377	0.993245283018868	0.993101886792453	0.99357358490566	0.99331320754717	0.993158490566038	0.993030188679245
0.136519502808989	0.992898876404494	0.992418539325843	0.992828651685393	0.992752808988764	0.992747191011236	0.993011235955056	0.993073033707865
0.13751109273183	0.992701754385965	0.991543859649123	0.991749373433584	0.991486215538847	0.99174686716792	0.992025062656642	0.992027568922306
0.138536114213198	0.994761421319797	0.994187817258883	0.994380710659899	0.994609137055838	0.994634517766497	0.994467005076142	0.994548223350254
0.139446565597668	0.994860058309038	0.995274052478134	0.995148688046647	0.994959183673469	0.995069970845481	0.995314868804665	0.995314868804665
0.140504129139073	0.994728476821192	0.99476821192053	0.994476821192053	0.994761589403974	0.994758278145695	0.994751655629139	0.995016556291391
0.141458754054054	0.995664864864865	0.995351351351351	0.995324324324324	0.995172972972973	0.995124324324324	0.994954054054054	0.995089189189189
0.142523897222222	0.989455555555556	0.989833333333333	0.990316666666667	0.990480555555556	0.990680555555556	0.990866666666667	0.990819444444444
0.143466768421053	0.990726315789474	0.990849122807018	0.99099649122807	0.990859649122807	0.991133333333333	0.991375438596491	0.99160701754386
0.144528895384615	0.992766153846154	0.994541538461538	0.994609230769231	0.994803076923077	0.995144615384615	0.994489230769231	0.994270769230769
0.145505951807229	0.993120481927711	0.993656626506024	0.994213855421687	0.994460843373494	0.994551204819277	0.994171686746988	0.994328313253012
0.146460838541667	0.995447916666667	0.9946640625	0.995130208333333	0.994934895833333	0.994958333333333	0.9951640625	0.99528125
0.147507392694064	0.990319634703196	0.987680365296804	0.987826484018265	0.988246575342466	0.988579908675799	0.988452054794521	0.988785388127854
0.148444419354839	0.995350230414747	0.99363133640553	0.993981566820276	0.993958525345622	0.994013824884793	0.994032258064516	0.994327188940092
0.149432719101124	0.994483146067416	0.994277153558052	0.993700374531835	0.993692883895131	0.993565543071161	0.993700374531835	0.993711610486891
0.150538981273408	0.992411985018727	0.993355805243446	0.993475655430712	0.99376404494382	0.994295880149813	0.994280898876404	0.993865168539326
0.151531621301775	0.995887573964497	0.995931952662722	0.995304733727811	0.995621301775148	0.99546449704142	0.995133136094675	0.995502958579882
0.152493719653179	0.997222543352601	0.997187861271676	0.996924855491329	0.997164739884393	0.997219653179191	0.996846820809249	0.996843930635838
0.153453144366197	0.995010563380282	0.995253521126761	0.995271126760563	0.995492957746479	0.995387323943662	0.995228873239437	0.995116197183099
0.15455700955414	0.994636942675159	0.995162420382166	0.995350318471338	0.995605095541401	0.995433121019108	0.99546178343949	0.995452229299363
0.155359398230088	0.994398230088496	0.995563421828909	0.995660766961652	0.995551622418879	0.9956401179941	0.995174041297935	0.994814159292035
0.156489265734266	0.993146853146853	0.993531468531469	0.994405594405594	0.994447552447552	0.994447552447552	0.994041958041958	0.994311188811189
0.157502681114551	0.996749226006192	0.996405572755418	0.996157894736842	0.996130030959752	0.995857585139319	0.995962848297214	0.995919504643963
0.158529643564356	0.995247524752475	0.995663366336634	0.995567656765677	0.995379537953795	0.995415841584158	0.995207920792079	0.995128712871287
0.159465778169014	0.995788732394366	0.995957746478873	0.996348591549296	0.995806338028169	0.995827464788732	0.995802816901408	0.995894366197183
0.160524565217391	0.992284057971014	0.992428985507246	0.992440579710145	0.992605797101449	0.992840579710145	0.992594202898551	0.992359420289855
0.161524807407407	0.996582716049383	0.996622222222222	0.996671604938272	0.996669135802469	0.996683950617284	0.99641975308642	0.99638024691358
0.16246192926045	0.991913183279743	0.992327974276527	0.992028938906752	0.991929260450161	0.991974276527331	0.991948553054662	0.992067524115756
0.163467362711864	0.995501694915254	0.995	0.995020338983051	0.994877966101695	0.995057627118644	0.994850847457627	0.995223728813559
0.164568780645161	0.993838709677419	0.993738709677419	0.994045161290323	0.993690322580645	0.9937	0.993422580645161	0.99391935483871
0.165463242063492	0.991261904761905	0.990035714285714	0.990055555555556	0.990238095238095	0.990626984126984	0.990916666666667	0.990960317460317
0.166464957528958	0.99576833976834	0.996216216216216	0.996436293436293	0.996019305019305	0.996054054054054	0.995814671814672	0.995656370656371
0.167501802721088	0.996309523809524	0.99621768707483	0.996455782312925	0.996234693877551	0.996292517006803	0.996125850340136	0.996367346938775
0.168568276679842	0.99195652173913	0.993221343873518	0.9940395256917	0.993806324110672	0.993798418972332	0.993557312252964	0.993750988142292
0.169409128205128	0.992505494505495	0.99318315018315	0.993692307692308	0.994113553113553	0.994336996336996	0.99421978021978	0.994659340659341
0.170552569506726	0.994686098654708	0.994690582959641	0.995067264573991	0.995264573991031	0.994923766816143	0.99480269058296	0.995183856502242
0.171523576323988	0.996018691588785	0.995663551401869	0.99592523364486	0.996	0.995965732087227	0.996046728971963	0.99616199376947
0.172514417266187	0.995820143884892	0.99578417266187	0.995906474820144	0.995938848920863	0.996	0.996025179856115	0.995892086330935
0.173495525291829	0.994552529182879	0.994817120622568	0.994996108949416	0.995132295719844	0.99515953307393	0.994649805447471	0.994607003891051
0.174548043771044	0.996979797979798	0.996397306397306	0.996747474747475	0.996632996632997	0.996707070707071	0.996363636363636	0.996319865319865
0.175482124087591	0.980587591240876	0.979916058394161	0.980317518248175	0.981175182481752	0.981419708029197	0.981091240875912	0.981288321167883
0.176511103004292	0.995158798283262	0.994480686695279	0.994270386266094	0.994712446351931	0.994527896995708	0.994532188841202	0.994759656652361
0.177502610486891	0.991569288389513	0.99114606741573	0.991531835205993	0.991640449438202	0.991337078651685	0.990921348314607	0.990996254681648
0.17847341025641	0.989923076923077	0.989996794871795	0.989548076923077	0.988711538461538	0.987714743589744	0.988025641025641	0.988448717948718
0.179512417293233	0.9835	0.984045112781955	0.984830827067669	0.984890977443609	0.984593984962406	0.984541353383459	0.984860902255639
0.180504643564356	0.990589108910891	0.990465346534653	0.990079207920792	0.989905940594059	0.989905940594059	0.989574257425743	0.989683168316832
0.181484540540541	0.99488416988417	0.994698841698842	0.99488416988417	0.994718146718147	0.995	0.995405405405405	0.995320463320463
0.182513739864865	0.991682432432432	0.991716216216216	0.991962837837838	0.992006756756757	0.991949324324324	0.991719594594595	0.991962837837838
0.183504086956522	0.996557971014493	0.996217391304348	0.996365942028986	0.996344202898551	0.996565217391304	0.996728260869565	0.996920289855072
0.184517372372372	0.996078078078078	0.996072072072072	0.995858858858859	0.995951951951952	0.99590990990991	0.996105105105105	0.996057057057057
0.185438704545455	0.994607142857143	0.993175324675325	0.992909090909091	0.993396103896104	0.993487012987013	0.993672077922078	0.993357142857143
0.186531643312102	0.99262101910828	0.992433121019108	0.99234076433121	0.992576433121019	0.99259872611465	0.992509554140127	0.992627388535032
0.187448147169811	0.995664150943396	0.995830188679245	0.996124528301887	0.99611320754717	0.995716981132076	0.995569811320755	0.995683018867925
0.188515027559055	0.996775590551181	0.995854330708661	0.996066929133858	0.996169291338583	0.996	0.996149606299213	0.996204724409449
0.189525423236515	0.995128630705394	0.995087136929461	0.99556846473029	0.995406639004149	0.995510373443983	0.995477178423236	0.995460580912863
0.190526928870293	0.993799163179916	0.9951589958159	0.994757322175732	0.994401673640167	0.994502092050209	0.994230125523013	0.993937238493724
0.191487314371257	0.994844311377245	0.99474251497006	0.995362275449102	0.995287425149701	0.995320359281437	0.995293413173653	0.995155688622754
0.192530241106719	0.993383399209486	0.993071146245059	0.99304347826087	0.992865612648221	0.99302766798419	0.993367588932806	0.993494071146245
0.193523298050139	0.994339832869081	0.995412256267409	0.995	0.995041782729805	0.995133704735376	0.995203342618384	0.995030640668524
0.194534206982544	0.996384039900249	0.996162094763092	0.995887780548628	0.996316708229426	0.996418952618454	0.996528678304239	0.99673566084788
0.195485542168675	0.996765060240964	0.99683734939759	0.99653313253012	0.996909638554217	0.996987951807229	0.997051204819277	0.996786144578313
0.196503709090909	0.994501818181818	0.993749090909091	0.993945454545455	0.993727272727273	0.993447272727273	0.993632727272727	0.993792727272727
0.197524222627737	0.984879562043796	0.983722627737226	0.983485401459854	0.984339416058394	0.984211678832117	0.984598540145985	0.984675182481752
0.198498818181818	0.98856993006993	0.988447552447552	0.98808041958042	0.98758041958042	0.987517482517483	0.987433566433566	0.987583916083916
0.199469340659341	0.989857142857143	0.989586080586081	0.989098901098901	0.989117216117216	0.989025641025641	0.989340659340659	0.989681318681319
0.200591319892473	0.992940860215054	0.992838709677419	0.993013440860215	0.993104838709677	0.993037634408602	0.99289247311828	0.992932795698925
0.201492090659341	0.991315934065934	0.990901098901099	0.990978021978022	0.991335164835165	0.991370879120879	0.991659340659341	0.991373626373626
0.202512798408488	0.992893899204244	0.992488063660477	0.992623342175066	0.99251724137931	0.992655172413793	0.992769230769231	0.992681697612732
0.203494855329949	0.996187817258883	0.995865482233503	0.995728426395939	0.995558375634518	0.995652284263959	0.995418781725888	0.99558883248731
0.204546217158177	0.997297587131367	0.997235924932976	0.996785522788204	0.9968418230563	0.996941018766756	0.996836461126005	0.99697855227882
0.205418316923077	0.996273846153846	0.996313846153846	0.9964	0.996593846153846	0.996692307692308	0.996633846153846	0.996729230769231
0.206490927051672	0.995270516717325	0.995294832826748	0.995443768996961	0.995544072948328	0.995328267477204	0.995075987841945	0.994835866261398
0.207506988142292	0.994671936758893	0.995134387351779	0.995324110671937	0.995343873517787	0.995486166007905	0.995667984189723	0.995837944664032
0.208496036290323	0.99020564516129	0.990314516129032	0.990306451612903	0.990350806451613	0.990076612903226	0.990346774193548	0.990745967741935
0.209497392361111	0.994694444444444	0.995013888888889	0.995375	0.99565625	0.995371527777778	0.995277777777778	0.995395833333333
0.210509003610108	0.992111913357401	0.992664259927798	0.99215523465704	0.992101083032491	0.992126353790614	0.991815884476534	0.992018050541516
0.21150634057971	0.994655797101449	0.994934782608696	0.994884057971015	0.994855072463768	0.994778985507246	0.99443115942029	0.994329710144928
0.212472570093458	0.990570093457944	0.990191588785047	0.990023364485981	0.989948598130841	0.990158878504673	0.989808411214953	0.990116822429907
0.213514308510638	0.99386170212766	0.993303191489362	0.993765957446809	0.99411170212766	0.99413829787234	0.99413829787234	0.993595744680851
0.214506622775801	0.990003558718861	0.991049822064057	0.991466192170819	0.991259786476868	0.991480427046263	0.99170462633452	0.991533807829182
0.215572752351097	0.996360501567398	0.99633855799373	0.996316614420063	0.996366771159875	0.996448275862069	0.99615987460815	0.99612539184953
0.216431315589354	0.99219391634981	0.991528517110266	0.991422053231939	0.991425855513308	0.991410646387833	0.991570342205323	0.991752851711027
0.217543661111111	0.992772222222222	0.992022222222222	0.991966666666667	0.991661111111111	0.99225	0.992555555555556	0.992588888888889
0.218495827272727	0.995481818181818	0.995668181818182	0.995745454545454	0.995727272727273	0.995831818181818	0.995472727272727	0.995804545454545
0.219490164179104	0.995671641791045	0.995467661691542	0.995462686567164	0.995203980099503	0.994830845771144	0.99455223880597	0.994611940298507
0.220492935294118	0.995494117647059	0.995305882352941	0.995623529411765	0.995752941176471	0.995664705882353	0.995423529411765	0.9956
0.221523083333333	0.9971	0.996908333333333	0.997125	0.996979166666667	0.996783333333333	0.996704166666667	0.99685
0.222508629787234	0.990710638297872	0.990327659574468	0.990472340425532	0.990421276595745	0.990629787234043	0.990391489361702	0.990595744680851
0.223527518382353	0.996147058823529	0.996128676470588	0.996441176470588	0.996375	0.996444852941176	0.995764705882353	0.996194852941176
0.224532025559105	0.994376996805112	0.994456869009585	0.994645367412141	0.994629392971246	0.994686900958466	0.994405750798722	0.994773162939297
0.22548429109589	0.996438356164384	0.996856164383562	0.996880136986301	0.996479452054794	0.996356164383562	0.995688356164384	0.995756849315068
0.226509510703364	0.993504587155963	0.993477064220183	0.993825688073394	0.993847094801223	0.993788990825688	0.993819571865443	0.993966360856269
0.227451847507331	0.996727272727273	0.996272727272727	0.996029325513196	0.995979472140762	0.996038123167155	0.996401759530792	0.996697947214076
0.228505028436019	0.99578672985782	0.995445497630332	0.995791469194313	0.995834123222749	0.995829383886256	0.995777251184834	0.995919431279621
0.229494075675676	0.995243243243243	0.995702702702703	0.995859459459459	0.995821621621622	0.995751351351351	0.995772972972973	0.995924324324324
0.230554164	0.984132	0.98362	0.984188	0.984244	0.98426	0.984192	0.984288
0.231428454873646	0.996328519855596	0.996819494584838	0.99684476534296	0.996797833935018	0.996884476534296	0.996790613718412	0.99684476534296
0.232551313131313	0.994787878787879	0.994626262626263	0.994151515151515	0.99439898989899	0.994484848484849	0.993974747474747	0.994217171717172
0.23347581443299	0.995037800687285	0.995189003436426	0.995285223367698	0.995151202749141	0.994972508591065	0.994828178694158	0.994975945017182
0.234475077777778	0.9882	0.988392592592593	0.988233333333333	0.98797037037037	0.987962962962963	0.987803703703704	0.988144444444444
0.235529883817427	0.991178423236515	0.99144398340249	0.991535269709544	0.991589211618257	0.991589211618257	0.991593360995851	0.991730290456432
0.236551433333333	0.995907407407407	0.995340740740741	0.995296296296296	0.995225925925926	0.995433333333333	0.9956	0.995618518518519
0.237450225396825	0.995580952380952	0.994996825396825	0.994955555555556	0.995171428571429	0.995092063492063	0.99507619047619	0.995371428571429
0.238530431192661	0.996847094801223	0.996617737003058	0.996782874617737	0.996865443425076	0.996825688073394	0.996984709480122	0.99705504587156
0.23947964244186	0.994380813953488	0.994656976744186	0.994563953488372	0.994517441860465	0.994244186046512	0.994212209302326	0.994377906976744
0.24048939527027	0.996888513513513	0.996300675675676	0.996273648648649	0.995790540540541	0.995777027027027	0.995577702702703	0.996121621621622
0.241466950617284	0.99304012345679	0.991524691358025	0.991240740740741	0.989487654320988	0.988521604938272	0.987533950617284	0.989123456790123
0.242501147982063	0.995412556053812	0.995035874439462	0.995242152466368	0.994964125560538	0.994627802690583	0.994587443946188	0.994632286995516
0.243524441441441	0.990117117117117	0.990968468468468	0.991076576576577	0.990954954954955	0.991031531531532	0.991207207207207	0.991594594594595
0.244574144981413	0.996130111524164	0.996386617100372	0.996959107806692	0.997092936802974	0.996977695167286	0.99724907063197	0.997330855018587
0.245536889589905	0.996785488958991	0.996785488958991	0.996668769716088	0.996444794952681	0.996271293375394	0.996287066246057	0.996274447949527
0.2464948875	0.9964375	0.99575	0.9955125	0.995845833333333	0.995895833333333	0.996154166666667	0.996075
0.24744975	0.995433962264151	0.993910377358491	0.99386320754717	0.993787735849057	0.993702830188679	0.993764150943396	0.993971698113208
0.248476770833333	0.991760416666667	0.991036458333333	0.991432291666667	0.991203125	0.990984375	0.990765625	0.991229166666667
0.249539349442379	0.996539033457249	0.99624907063197	0.996237918215613	0.996219330855019	0.996275092936803	0.996092936802974	0.996368029739777
0.250501957894737	0.99119298245614	0.991543859649123	0.991438596491228	0.99180701754386	0.99199298245614	0.991926315789474	0.992133333333333
0.251464742718447	0.990733009708738	0.99123786407767	0.990990291262136	0.991087378640777	0.990961165048544	0.991310679611651	0.991427184466019
0.25251427016129	0.985467741935484	0.986189516129032	0.98620564516129	0.986326612903226	0.986258064516129	0.986370967741935	0.986354838709677
0.253496069204152	0.996667820069204	0.996913494809689	0.997117647058824	0.997083044982699	0.997179930795848	0.997103806228374	0.997193771626298
0.254520901459854	0.994806569343066	0.995065693430657	0.995459854014599	0.99542700729927	0.995529197080292	0.995521897810219	0.995970802919708
0.25542587804878	0.997352303523035	0.997265582655827	0.997227642276423	0.997254742547426	0.997279132791328	0.997219512195122	0.997441734417344
0.256504905723906	0.995976430976431	0.996053872053872	0.996454545454545	0.996299663299663	0.996414141414141	0.996558922558923	0.996835016835017
0.257491529411765	0.996136029411765	0.995584558823529	0.995378676470588	0.995191176470588	0.995261029411765	0.995305147058824	0.995470588235294
0.258460232727273	0.991301818181818	0.99128	0.991741818181818	0.991810909090909	0.991650909090909	0.991494545454545	0.991927272727273
0.259567886792453	0.991218867924528	0.990739622641509	0.991060377358491	0.990916981132075	0.991135849056604	0.991230188679245	0.991279245283019
0.260487564417178	0.988766871165644	0.98820245398773	0.988325153374233	0.988024539877301	0.987957055214724	0.988030674846626	0.988478527607362
0.261477817910448	0.997137313432836	0.996546268656716	0.996570149253731	0.996516417910448	0.996498507462687	0.996501492537313	0.996817910447761
0.262421348837209	0.996693798449612	0.996	0.996197674418605	0.996317829457364	0.996395348837209	0.996294573643411	0.996329457364341
0.263418155555556	0.9964	0.996372222222222	0.996644444444444	0.99665	0.996366666666667	0.996211111111111	0.996255555555556
0.264563263959391	0.990375634517766	0.991218274111675	0.99105076142132	0.991111675126904	0.991269035532995	0.99107614213198	0.991071065989848
0.265486284722222	0.995986111111111	0.996458333333333	0.996288194444444	0.9963125	0.996263888888889	0.9961875	0.996180555555556
0.266485648760331	0.994838842975207	0.995123966942149	0.994933884297521	0.994851239669421	0.994549586776859	0.995070247933884	0.995384297520661
0.267519547738693	0.995160804020101	0.995090452261307	0.994959798994975	0.99513567839196	0.995251256281407	0.995085427135678	0.995492462311558
0.268477592964824	0.994422110552764	0.994090452261307	0.994165829145729	0.994266331658291	0.994331658291457	0.994140703517588	0.994100502512563
0.269546036474164	0.995507598784194	0.994981762917933	0.994966565349544	0.995012158054711	0.995258358662614	0.995306990881459	0.995544072948328
0.270485235294118	0.992317647058824	0.992494117647059	0.992576470588235	0.992682352941176	0.992764705882353	0.992592156862745	0.992635294117647
0.271487721698113	0.994004716981132	0.99547641509434	0.995221698113208	0.995150943396226	0.995	0.994481132075472	0.994358490566038
0.272543596707819	0.984654320987654	0.986658436213992	0.986617283950617	0.9870329218107	0.986477366255144	0.985333333333333	0.984962962962963
0.273523260330578	0.992818181818182	0.99301652892562	0.992747933884297	0.992834710743802	0.992557851239669	0.991685950413223	0.991425619834711
0.274485023529412	0.994611764705882	0.995062745098039	0.994866666666667	0.995113725490196	0.995050980392157	0.994760784313725	0.994556862745098
0.275464327777778	0.993855555555556	0.993244444444444	0.994038888888889	0.993833333333333	0.993955555555556	0.993733333333333	0.993855555555556
0.276563722021661	0.992880866425993	0.992281588447653	0.992241877256318	0.992321299638989	0.99212274368231	0.992176895306859	0.992101083032491
0.277524379432624	0.989585106382979	0.989815602836879	0.989684397163121	0.989641843971631	0.989542553191489	0.989202127659574	0.989117021276596
0.278477641176471	0.993155882352941	0.993320588235294	0.993305882352941	0.993476470588235	0.993526470588235	0.993432352941176	0.993794117647059
0.27952192238806	0.994510447761194	0.994337313432836	0.994068656716418	0.994113432835821	0.994128358208955	0.994319402985075	0.994459701492537
0.280558283524904	0.996854406130268	0.996773946360153	0.996773946360153	0.996593869731801	0.996743295019157	0.996578544061303	0.996578544061303
0.281423441860465	0.997794573643411	0.99756976744186	0.997193798449612	0.996868217054264	0.996937984496124	0.99677519379845	0.996856589147287
0.282456279527559	0.997818897637795	0.997429133858268	0.997799212598425	0.997645669291339	0.997488188976378	0.997527559055118	0.99753937007874
0.28358199380805	0.99325386996904	0.993269349845201	0.993346749226006	0.993585139318885	0.993513931888545	0.993631578947368	0.993724458204334
0.284468486607143	0.987388392857143	0.987834821428571	0.987955357142857	0.988022321428571	0.988017857142857	0.987575892857143	0.987794642857143
0.285474824390244	0.983331707317073	0.984	0.984453658536585	0.984131707317073	0.98400487804878	0.983785365853658	0.983936585365854
0.28656348241206	0.992246231155779	0.993693467336683	0.994055276381909	0.993859296482412	0.993989949748744	0.993638190954774	0.993738693467337
0.287541368644068	0.989177966101695	0.990190677966102	0.990351694915254	0.990385593220339	0.990504237288136	0.990199152542373	0.990326271186441
0.288492009708738	0.989121359223301	0.989728155339806	0.990009708737864	0.990349514563107	0.990315533980582	0.990223300970874	0.990349514563107
0.289463331797235	0.994728110599078	0.995576036866359	0.995285714285714	0.995539170506912	0.99563133640553	0.995797235023042	0.995635944700461
0.29048823364486	0.992196261682243	0.992154205607477	0.99188785046729	0.991985981308411	0.991845794392523	0.991532710280374	0.99164953271028
0.291422930434783	0.995869565217391	0.996347826086956	0.996665217391304	0.9966	0.996482608695652	0.996452173913044	0.996613043478261
0.292491658986175	0.995437788018433	0.995562211981567	0.996	0.995870967741936	0.995764976958525	0.995792626728111	0.995926267281106
0.293539578651685	0.995938202247191	0.996112359550562	0.995741573033708	0.995612359550562	0.995623595505618	0.995303370786517	0.995202247191011
0.294547777202073	0.993077720207254	0.993481865284974	0.993704663212435	0.993720207253886	0.993683937823834	0.993715025906736	0.993766839378238
0.29548378313253	0.98989156626506	0.990072289156626	0.990168674698795	0.99016265060241	0.989939759036145	0.98966265060241	0.989771084337349
0.296516764444444	0.996697777777778	0.996151111111111	0.9958	0.995728888888889	0.995764444444444	0.995808888888889	0.995773333333333
0.29749692578125	0.99121484375	0.99165625	0.99170703125	0.99169921875	0.991953125	0.99195703125	0.9921015625
0.298487253061224	0.997248979591837	0.996375510204082	0.996065306122449	0.99625306122449	0.996240816326531	0.996142857142857	0.996318367346939
0.29947286746988	0.992614457831325	0.993253012048193	0.993192771084337	0.993102409638554	0.993114457831325	0.993813253012048	0.993704819277108
0.300531494505494	0.991739926739927	0.99121978021978	0.989842490842491	0.989677655677656	0.9896336996337	0.989923076923077	0.990212454212454
0.301434688679245	0.99336320754717	0.994094339622641	0.993740566037736	0.993566037735849	0.993528301886792	0.99361320754717	0.993933962264151
0.302477664285714	0.994364285714286	0.994778571428571	0.99445	0.994607142857143	0.994685714285714	0.994728571428571	0.99535
0.30351234	0.99255	0.991835	0.991945	0.991635	0.991825	0.99188	0.99189
0.304469687861272	0.992294797687861	0.991763005780347	0.991583815028902	0.991820809248555	0.991924855491329	0.991803468208093	0.991895953757225
0.305512619469027	0.997022123893805	0.996699115044248	0.996986725663717	0.997035398230088	0.99696017699115	0.996871681415929	0.996845132743363
0.306470996183206	0.985347328244275	0.985362595419847	0.985408396946565	0.986553435114504	0.986209923664122	0.985343511450382	0.985900763358779
0.307505020979021	0.99586013986014	0.995863636363636	0.99579020979021	0.995888111888112	0.995702797202797	0.996034965034965	0.99641958041958
0.308591763546798	0.991655172413793	0.99151724137931	0.99156157635468	0.991591133004926	0.991596059113301	0.991334975369458	0.991221674876847
0.309457251748252	0.984384615384615	0.985909090909091	0.986244755244755	0.986111888111888	0.986202797202797	0.985769230769231	0.985846153846154
0.310518747474748	0.990348484848485	0.98910101010101	0.989454545454545	0.98930303030303	0.989429292929293	0.989641414141414	0.989792929292929
0.311475089201878	0.990920187793427	0.990234741784038	0.990727699530516	0.990492957746479	0.990464788732394	0.990342723004695	0.990474178403756
0.31252154	0.996526666666667	0.996766666666667	0.996086666666667	0.996166666666667	0.99592	0.99558	0.9957
0.313467118055556	0.987798611111111	0.987833333333333	0.987493055555556	0.987993055555555	0.988097222222222	0.9880625	0.987958333333333
0.314553307228916	0.994234939759036	0.995385542168675	0.995012048192771	0.995246987951807	0.995271084337349	0.995638554216867	0.995578313253012
0.315466876237624	0.997054455445545	0.996514851485149	0.996658415841584	0.99670297029703	0.996638613861386	0.996722772277228	0.996559405940594
0.316453026845638	0.986322147651007	0.98761744966443	0.987657718120805	0.988221476510067	0.988234899328859	0.988087248322148	0.988006711409396
0.317414203947368	0.989480263157895	0.989407894736842	0.989605263157895	0.989868421052632	0.989546052631579	0.989815789473684	0.989888157894737
0.318484735294118	0.989264705882353	0.989490196078431	0.989004901960784	0.989166666666667	0.989004901960784	0.98893137254902	0.989289215686274
0.319492705263158	0.986352631578947	0.985773684210526	0.985968421052632	0.985715789473684	0.985652631578947	0.985973684210526	0.986073684210526
0.32052012371134	0.996907216494845	0.99609793814433	0.99630412371134	0.996185567010309	0.995979381443299	0.995788659793814	0.996010309278351
0.321449592391304	0.992505434782609	0.991771739130435	0.99175	0.991842391304348	0.991842391304348	0.991858695652174	0.991684782608696
0.322545846153846	0.996533653846154	0.995884615384615	0.995798076923077	0.995875	0.996144230769231	0.996355769230769	0.996721153846154
0.323485534161491	0.989074534161491	0.989012422360248	0.989068322981366	0.989223602484472	0.989149068322981	0.989341614906832	0.989248447204969
0.324578238938053	0.996	0.996234513274336	0.996477876106195	0.996641592920354	0.996738938053097	0.996491150442478	0.996632743362832
0.325469384328358	0.996735074626866	0.99639552238806	0.996492537313433	0.996589552238806	0.996615671641791	0.996824626865672	0.996929104477612
0.326515503067485	0.996478527607362	0.996042944785276	0.996092024539877	0.995901840490798	0.995865030674847	0.996024539877301	0.996368098159509
0.32749703125	0.995911458333333	0.995359375	0.99578125	0.995703125	0.995807291666667	0.995578125	0.99559375
0.328470049107143	0.995977678571429	0.996	0.996245535714286	0.996375	0.996205357142857	0.996366071428571	0.996629464285714
0.329519711538462	0.993076923076923	0.992696153846154	0.992834615384615	0.992703846153846	0.992638461538462	0.992707692307692	0.992742307692308
0.3305253125	0.996296875	0.996421875	0.99634375	0.996291666666667	0.996307291666667	0.996197916666667	0.996177083333333
0.331524412903226	0.989658064516129	0.989354838709677	0.9894	0.989141935483871	0.989290322580645	0.989154838709677	0.989083870967742
0.332590316602317	0.992042471042471	0.992644787644788	0.993204633204633	0.993030888030888	0.992992277992278	0.993073359073359	0.99303861003861
0.333452223300971	0.995296116504854	0.996082524271845	0.996247572815534	0.996131067961165	0.996101941747573	0.996029126213592	0.995961165048544
0.334476597765363	0.995402234636871	0.995117318435754	0.995173184357542	0.995335195530726	0.995553072625698	0.996022346368715	0.996212290502793
0.335505731707317	0.994518292682927	0.993975609756098	0.994701219512195	0.994603658536585	0.994573170731707	0.994182926829268	0.994231707317073
0.336545409302326	0.993646511627907	0.993609302325581	0.994041860465116	0.994144186046512	0.994190697674419	0.994376744186046	0.994288372093023
0.337503067615658	0.996871886120996	0.996843416370107	0.996366548042705	0.996622775800712	0.996718861209964	0.996868327402135	0.997078291814947
0.338516699570815	0.994738197424893	0.995583690987125	0.995708154506438	0.995995708154506	0.996197424892704	0.996240343347639	0.99625321888412
0.339475152671756	0.995431297709924	0.994980916030534	0.995374045801527	0.995332061068702	0.995236641221374	0.995022900763359	0.995103053435115
0.340516258964143	0.995486055776892	0.995306772908367	0.9949203187251	0.995211155378486	0.995239043824701	0.995701195219123	0.995852589641434
0.341467061320755	0.995952830188679	0.995806603773585	0.995443396226415	0.995674528301887	0.995768867924528	0.995985849056604	0.996245283018868
0.342449535483871	0.989890322580645	0.98898064516129	0.988522580645161	0.988716129032258	0.988690322580645	0.989070967741935	0.989070967741935
0.343497222748815	0.995663507109005	0.996099526066351	0.996009478672986	0.995616113744076	0.995492890995261	0.995445497630332	0.995744075829384
0.344501197740113	0.996593220338983	0.996983050847458	0.997056497175141	0.997333333333333	0.997101694915254	0.997005649717514	0.997079096045198
0.345517405405405	0.997486486486487	0.997087837837838	0.99677027027027	0.996817567567568	0.996668918918919	0.996047297297297	0.996168918918919
0.346507911458333	0.99371875	0.994567708333333	0.994875	0.994692708333333	0.99471875	0.995072916666667	0.995041666666667
0.347511304	0.994488	0.99508	0.995428	0.995552	0.995636	0.995408	0.99542
0.348452753623188	0.994202898550725	0.99368115942029	0.993734299516908	0.993690821256039	0.993884057971015	0.994014492753623	0.994154589371981
0.349491171296296	0.996824074074074	0.996162037037037	0.996023148148148	0.996421296296296	0.996472222222222	0.996898148148148	0.996958333333333
0.350421197115385	0.996206730769231	0.996644230769231	0.996240384615385	0.9964375	0.996610576923077	0.996658653846154	0.996615384615385
0.351579875675676	0.996616216216216	0.996513513513513	0.996762162162162	0.996778378378378	0.996648648648649	0.996567567567568	0.996702702702703
0.352482445783133	0.988433734939759	0.987740963855422	0.988036144578313	0.988138554216867	0.988415662650602	0.988325301204819	0.988385542168675
0.353522240740741	0.994314814814815	0.994944444444444	0.994697530864198	0.995197530864197	0.995006172839506	0.994956790123457	0.995055555555556
0.354538700934579	0.995046728971963	0.995855140186916	0.996051401869159	0.996228971962617	0.996364485981308	0.996467289719626	0.996607476635514
0.355427273809524	0.997309523809524	0.997392857142857	0.996972222222222	0.997007936507937	0.997043650793651	0.997126984126984	0.997253968253968
0.356559296296296	0.996759259259259	0.996277777777778	0.996061728395062	0.996185185185185	0.996314814814815	0.996185185185185	0.995981481481481
0.357522471794872	0.9974	0.997102564102564	0.997179487179487	0.997174358974359	0.997184615384615	0.997015384615385	0.997174358974359
0.358510469512195	0.99580487804878	0.996067073170732	0.99619512195122	0.996481707317073	0.996591463414634	0.996530487804878	0.99634756097561
0.35956035106383	0.99663829787234	0.997	0.996920212765957	0.997042553191489	0.997015957446808	0.99693085106383	0.99713829787234
0.360539706382979	0.996514893617021	0.99688085106383	0.996689361702128	0.996842553191489	0.996842553191489	0.996702127659574	0.99676170212766
0.361493656716418	0.986776119402985	0.986786069651741	0.986507462686567	0.986587064676617	0.98663184079602	0.986393034825871	0.986621890547264
0.362498637931034	0.985112068965517	0.985685344827586	0.985637931034483	0.986043103448276	0.986172413793103	0.986206896551724	0.986146551724138
0.363520125	0.993809523809524	0.994154761904762	0.994166666666667	0.993940476190476	0.994089285714286	0.994422619047619	0.994309523809524
0.364523446927374	0.996620111731844	0.995949720670391	0.995620111731844	0.995603351955307	0.995553072625698	0.995698324022346	0.995776536312849
0.365497162303665	0.990837696335079	0.99120942408377	0.991476439790576	0.991387434554974	0.991267015706806	0.991178010471204	0.991204188481675
0.366505731182796	0.989956989247312	0.989731182795699	0.990182795698925	0.990661290322581	0.990838709677419	0.991064516129032	0.990908602150538
0.36749131	0.98944	0.98955	0.99018	0.990155	0.990165	0.990315	0.99037
0.368531887640449	0.994	0.994926966292135	0.994825842696629	0.995084269662921	0.994915730337079	0.994955056179775	0.99511797752809
0.369495553299492	0.991248730964467	0.990593908629442	0.990121827411167	0.990071065989848	0.990187817258883	0.990431472081218	0.990837563451777
0.37048122705314	0.989570048309179	0.989835748792271	0.990033816425121	0.990304347826087	0.990183574879227	0.990033816425121	0.98995652173913
0.371487582781457	0.995152317880795	0.995264900662252	0.995662251655629	0.995609271523179	0.995827814569536	0.995728476821192	0.99576821192053
0.372621725806452	0.989	0.989231182795699	0.989279569892473	0.989123655913978	0.988940860215054	0.989204301075269	0.989440860215054
0.373464301886792	0.980616352201258	0.981018867924528	0.98085534591195	0.98122641509434	0.981496855345912	0.981308176100629	0.981433962264151
0.374498096256685	0.990245989304813	0.990005347593583	0.990122994652406	0.990251336898396	0.990395721925134	0.990251336898396	0.990181818181818
0.375501875	0.9888125	0.989357954545454	0.989710227272727	0.989477272727273	0.989664772727273	0.990136363636364	0.990068181818182
0.37649821559633	0.995922018348624	0.996224770642202	0.996334862385321	0.996348623853211	0.996133027522936	0.996275229357798	0.9965
0.377470649746193	0.989862944162437	0.990319796954315	0.990472081218274	0.990548223350254	0.990710659898477	0.990852791878173	0.990903553299492
0.378591526970954	0.99704979253112	0.997029045643154	0.997219917012448	0.997257261410788	0.997157676348548	0.997315352697095	0.997302904564315
0.379518702380952	0.990952380952381	0.991115079365079	0.991313492063492	0.991333333333333	0.991392857142857	0.991686507936508	0.991714285714286
0.380521135371179	0.992703056768559	0.992991266375546	0.992589519650655	0.992624454148472	0.992637554585153	0.992668122270742	0.992877729257642
0.381474265	0.988665	0.989525	0.989735	0.98976	0.989865	0.990065	0.99015
0.382493398406375	0.995784860557769	0.995454183266932	0.995908366533864	0.995904382470119	0.995868525896414	0.99594422310757	0.996027888446215
0.383488604651163	0.982226744186046	0.982093023255814	0.981523255813953	0.981732558139535	0.98171511627907	0.982075581395349	0.982406976744186
0.384487143459916	0.992881856540084	0.99242194092827	0.992232067510548	0.992388185654008	0.992481012658228	0.992527426160338	0.992573839662447
0.385472814159292	0.996995575221239	0.996738938053097	0.99675221238938	0.996495575221239	0.996464601769911	0.996685840707965	0.996721238938053
0.386554748768473	0.996147783251232	0.996167487684729	0.996197044334975	0.996034482758621	0.995926108374384	0.995832512315271	0.995960591133005
0.38749837745098	0.991524509803922	0.991039215686275	0.991416666666667	0.991362745098039	0.991406862745098	0.991460784313726	0.991524509803922
0.388493420118343	0.991426035502959	0.99292899408284	0.993573964497041	0.993674556213018	0.993828402366864	0.994260355029586	0.994644970414201
0.389412892655367	0.996005649717514	0.995751412429378	0.995474576271186	0.995491525423729	0.995468926553672	0.995265536723164	0.995146892655367
0.390488806451613	0.994548387096774	0.995048387096774	0.994897849462366	0.994725806451613	0.994747311827957	0.994989247311828	0.995209677419355
0.391535491428571	0.99476	0.995045714285714	0.995222857142857	0.9952	0.995394285714286	0.995605714285714	0.995674285714286
0.392502969594595	0.994391891891892	0.99527027027027	0.99525	0.995300675675676	0.995148648648649	0.995550675675676	0.99552027027027
0.393566626506024	0.993341365461847	0.993156626506024	0.993244979919679	0.993180722891566	0.993212851405622	0.993630522088353	0.993827309236948
0.394499066666667	0.991409523809524	0.991319047619048	0.991052380952381	0.990852380952381	0.991085714285714	0.990980952380952	0.990904761904762
0.395499611111111	0.997420634920635	0.997222222222222	0.997543650793651	0.997511904761905	0.997678571428571	0.997400793650794	0.997329365079365
0.396446688995215	0.994468899521531	0.994679425837321	0.994918660287081	0.994933014354067	0.994741626794258	0.994741626794258	0.994861244019139
0.397530400943396	0.991283018867924	0.990707547169811	0.991141509433962	0.990933962264151	0.990792452830189	0.990674528301887	0.990820754716981
0.398498070754717	0.987330188679245	0.987117924528302	0.98752358490566	0.98722641509434	0.987174528301887	0.987528301886792	0.987580188679245
0.399589534782609	0.991152173913043	0.991773913043478	0.991752173913043	0.991273913043478	0.991452173913044	0.991508695652174	0.991708695652174
0.400509889807163	0.995628099173554	0.995757575757576	0.995567493112948	0.995495867768595	0.99566391184573	0.995520661157025	0.9956391184573
0.401528912280702	0.987013157894737	0.988991228070175	0.988004385964912	0.987728070175439	0.987578947368421	0.987320175438597	0.988184210526316
0.402442808510638	0.987946808510638	0.988824468085106	0.988303191489362	0.988377659574468	0.988058510638298	0.988090425531915	0.988196808510638
0.403553348623853	0.996853211009174	0.996394495412844	0.996600917431193	0.996834862385321	0.996756880733945	0.996559633027523	0.996678899082569
0.404428587755102	0.983795918367347	0.984448979591837	0.984530612244898	0.984791836734694	0.984763265306122	0.984436734693878	0.984477551020408
0.405480625	0.994058035714286	0.994116071428571	0.994888392857143	0.995191964285714	0.995205357142857	0.995214285714286	0.995571428571429
0.406504331606218	0.994709844559585	0.995424870466321	0.995720207253886	0.996020725388601	0.996031088082902	0.996124352331606	0.996119170984456
0.407540119834711	0.996880165289256	0.9965	0.996450413223141	0.996462809917355	0.996528925619835	0.996632231404959	0.996673553719008
0.408460612903226	0.997470046082949	0.996700460829493	0.99658064516129	0.996571428571429	0.99636866359447	0.996253456221198	0.99658064516129
0.409445754491018	0.99511377245509	0.994634730538922	0.994425149700599	0.994592814371257	0.994461077844311	0.994215568862275	0.994089820359281
0.410490007092199	0.995496453900709	0.996042553191489	0.995992907801418	0.995751773049645	0.99568085106383	0.995567375886525	0.995702127659574
0.411457008583691	0.992094420600858	0.992424892703863	0.992519313304721	0.99262660944206	0.992497854077253	0.992291845493562	0.992236051502146
0.412435786069652	0.995467661691542	0.99547263681592	0.995398009950249	0.995328358208955	0.995512437810945	0.995338308457711	0.995532338308458
0.41352791	0.98948	0.98994	0.989975	0.9901	0.990305	0.989995	0.99002
0.414539476923077	0.99395	0.993546153846154	0.993738461538462	0.993769230769231	0.993742307692308	0.993519230769231	0.993519230769231
0.415512033816425	0.994502415458937	0.994647342995169	0.994985507246377	0.994821256038647	0.994690821256039	0.99451690821256	0.994579710144928
0.416518903743316	0.994631016042781	0.994668449197861	0.994566844919786	0.99472192513369	0.994791443850267	0.995005347593583	0.995139037433155
0.41745215625	0.98509375	0.985205357142857	0.985486607142857	0.985348214285714	0.985227678571429	0.985428571428571	0.985504464285714
0.418438994736842	0.993984210526316	0.994810526315789	0.994726315789474	0.994436842105263	0.994352631578947	0.994273684210526	0.994642105263158
0.419472493902439	0.99175	0.992469512195122	0.992664634146341	0.992231707317073	0.99215243902439	0.992310975609756	0.992957317073171
0.42047516194332	0.983465587044534	0.984287449392713	0.984623481781376	0.984546558704453	0.984352226720648	0.984230769230769	0.984404858299595
0.421534711340206	0.995979381443299	0.995288659793814	0.995623711340206	0.995731958762887	0.995768041237113	0.996020618556701	0.996252577319588
0.422556174863388	0.996174863387978	0.995945355191257	0.995846994535519	0.995918032786885	0.995748633879781	0.995590163934426	0.995617486338798
0.423524446902655	0.996548672566372	0.996526548672566	0.996734513274336	0.996738938053097	0.996805309734513	0.99691592920354	0.996973451327434
0.424441964497041	0.995656804733728	0.995846153846154	0.996094674556213	0.996289940828402	0.996479289940828	0.996047337278106	0.996076923076923
0.425454081632653	0.99675	0.995775510204082	0.995744897959184	0.995887755102041	0.996081632653061	0.995897959183674	0.996005102040816
0.426504120192308	0.995600961538462	0.995620192307692	0.995475961538462	0.995716346153846	0.995692307692308	0.995980769230769	0.996158653846154
0.427431094527363	0.996383084577114	0.996875621890547	0.997084577114428	0.997218905472637	0.997203980099503	0.997238805970149	0.997233830845771
0.428546071794872	0.995302564102564	0.994928205128205	0.995261538461538	0.995241025641026	0.995317948717949	0.995425641025641	0.995502564102564
0.429513950980392	0.994887254901961	0.995573529411765	0.995897058823529	0.99606862745098	0.995637254901961	0.995416666666667	0.995509803921569
0.430486872146119	0.99513698630137	0.994876712328767	0.994972602739726	0.995123287671233	0.995100456621005	0.99534703196347	0.995424657534247
0.431478148148148	0.997355555555556	0.996940740740741	0.996911111111111	0.99682962962963	0.996944444444444	0.996851851851852	0.997044444444444
0.432454978632479	0.996991452991453	0.996525641025641	0.9965	0.996478632478632	0.996440170940171	0.995957264957265	0.996119658119658
0.433509440740741	0.993907407407407	0.993588888888889	0.993514814814815	0.993633333333333	0.993588888888889	0.993440740740741	0.993548148148148
0.434479896551724	0.994581280788177	0.993788177339901	0.993965517241379	0.993911330049261	0.993753694581281	0.993778325123153	0.993896551724138
0.435562680232558	0.996744186046512	0.996197674418605	0.996476744186046	0.996412790697674	0.996366279069767	0.996313953488372	0.996552325581395
0.436517625766871	0.990773006134969	0.990300613496933	0.990147239263804	0.990447852760736	0.990478527607362	0.98979754601227	0.989871165644172
0.437538782287823	0.994619926199262	0.99559778597786	0.995856088560886	0.995933579335793	0.995915129151292	0.995738007380074	0.995985239852399
0.438414625531915	0.994182978723404	0.994493617021277	0.994910638297872	0.994931914893617	0.995097872340426	0.994476595744681	0.994531914893617
0.439469416309013	0.995266094420601	0.995673819742489	0.995515021459227	0.995635193133047	0.995515021459227	0.995351931330472	0.995145922746781
0.44047343	0.99651	0.99644	0.996775	0.99665	0.996535	0.99639	0.99674
0.441517290983607	0.996676229508197	0.996668032786885	0.996954918032787	0.996856557377049	0.996889344262295	0.996872950819672	0.996901639344262
0.442517313559322	0.997016949152542	0.997177966101695	0.997381355932203	0.997398305084746	0.997529661016949	0.997385593220339	0.997572033898305
0.443517070833333	0.9966125	0.995679166666667	0.995745833333333	0.9958375	0.995816666666667	0.995841666666667	0.996191666666667
0.444453628140703	0.995185929648241	0.994959798994975	0.995301507537688	0.995211055276382	0.995437185929648	0.995447236180904	0.995492462311558
0.445424209150327	0.989614379084967	0.989483660130719	0.989549019607843	0.989529411764706	0.989549019607843	0.989640522875817	0.98978431372549
0.446446573333333	0.99364	0.994433333333333	0.995046666666667	0.995226666666667	0.995653333333333	0.996033333333333	0.996206666666667
0.447525222222222	0.987855555555556	0.988261111111111	0.988377777777778	0.988477777777778	0.988594444444444	0.988411111111111	0.988638888888889
0.448539191256831	0.993344262295082	0.994644808743169	0.994431693989071	0.99427868852459	0.994409836065574	0.994475409836066	0.994420765027322
0.449552283505155	0.985443298969072	0.985283505154639	0.98519587628866	0.985201030927835	0.985180412371134	0.985324742268041	0.985561855670103
0.450575383597884	0.997417989417989	0.996981481481481	0.997060846560847	0.997132275132275	0.997216931216931	0.997150793650794	0.997193121693122
0.451477055374593	0.996371335504886	0.995925081433225	0.995599348534202	0.995843648208469	0.995765472312704	0.99600325732899	0.996032573289902
0.452485290909091	0.995290909090909	0.994684848484849	0.994315151515151	0.994442424242424	0.994709090909091	0.994957575757576	0.995175757575758
0.453464859060403	0.996080536912752	0.99638255033557	0.996375838926175	0.996275167785235	0.996389261744966	0.996275167785235	0.996402684563758
0.454471467741935	0.996516129032258	0.995962365591398	0.996284946236559	0.996247311827957	0.996032258064516	0.996064516129032	0.996166666666667
0.455492179190751	0.99678612716763	0.996612716763006	0.996468208092486	0.996526011560694	0.996670520231214	0.996335260115607	0.996306358381503
0.456585346534653	0.994608910891089	0.99429702970297	0.99409900990099	0.993737623762376	0.993792079207921	0.993326732673267	0.993252475247525
0.457531442622951	0.992348360655738	0.992090163934426	0.991934426229508	0.992245901639344	0.99230737704918	0.99202868852459	0.99197131147541
0.458482389121339	0.995945606694561	0.996020920502092	0.995870292887029	0.995949790794979	0.995907949790795	0.996092050209205	0.996016736401674
0.459442827868852	0.995676229508197	0.995459016393443	0.995180327868852	0.995323770491803	0.995344262295082	0.995004098360656	0.995237704918033
0.460471848341232	0.99414691943128	0.994720379146919	0.994781990521327	0.994729857819905	0.994706161137441	0.994369668246445	0.994578199052133
0.461516240909091	0.995445454545455	0.994954545454545	0.994736363636364	0.994918181818182	0.994936363636364	0.994959090909091	0.9953
0.462479874524715	0.992984790874525	0.992513307984791	0.992627376425856	0.99280608365019	0.992779467680608	0.992634980988593	0.992733840304183
0.463532583657588	0.99556420233463	0.995482490272374	0.995525291828794	0.995712062256809	0.995400778210117	0.995326848249027	0.995894941634241
0.464536904191617	0.99697005988024	0.997245508982036	0.997413173652695	0.997323353293413	0.997131736526946	0.997071856287425	0.997137724550898
0.465510960893855	0.983854748603352	0.98445251396648	0.984614525139665	0.984815642458101	0.984608938547486	0.984458100558659	0.984474860335195
0.466505884476534	0.997620938628159	0.996837545126354	0.997083032490975	0.997252707581227	0.997061371841155	0.997086642599278	0.997231046931408
0.467453274900398	0.995669322709163	0.995733067729084	0.995816733067729	0.995685258964143	0.995641434262948	0.995860557768924	0.996043824701195
0.468471847583643	0.994171003717472	0.993669144981413	0.993408921933085	0.993159851301115	0.993204460966543	0.993156133828996	0.993197026022305
0.469537112033195	0.995755186721992	0.996315352697095	0.996224066390041	0.996315352697095	0.99646887966805	0.99651867219917	0.99648132780083
0.47057312371134	0.996896907216495	0.99580412371134	0.995969072164948	0.995932989690722	0.995664948453608	0.995226804123711	0.995386597938144
0.471512187878788	0.996733333333333	0.996054545454545	0.996618181818182	0.996642424242424	0.996672727272727	0.996539393939394	0.996575757575758
0.472438449367089	0.995050632911392	0.995025316455696	0.995094936708861	0.995677215189873	0.995537974683544	0.995303797468354	0.995525316455696
0.47341486440678	0.99080790960452	0.990655367231638	0.990683615819209	0.990785310734463	0.990779661016949	0.990870056497175	0.990949152542373
0.474429913043478	0.990202898550725	0.990391304347826	0.990589371980676	0.990618357487923	0.990705314009662	0.990961352657005	0.990990338164251
0.475446394594595	0.994421621621622	0.993989189189189	0.994340540540541	0.994454054054054	0.994481081081081	0.994621621621622	0.994691891891892
0.476527151832461	0.990104712041885	0.990104712041885	0.990314136125654	0.990450261780105	0.99048167539267	0.990356020942408	0.990434554973822
0.477568913357401	0.996703971119134	0.996592057761733	0.996880866425993	0.996992779783394	0.997028880866426	0.996996389891697	0.997079422382671
0.478575549800797	0.992737051792829	0.992250996015936	0.992306772908367	0.992374501992032	0.992422310756972	0.992394422310757	0.992350597609562
0.479459554263566	0.992081395348837	0.991887596899225	0.992085271317829	0.992213178294574	0.992348837209302	0.992600775193798	0.992759689922481
0.480435725581395	0.99793488372093	0.99766976744186	0.997637209302326	0.997762790697674	0.997660465116279	0.99753023255814	0.997558139534884
0.481495854271357	0.995412060301508	0.995623115577889	0.995708542713568	0.995824120603015	0.996160804020101	0.99629648241206	0.996537688442211
0.482465461538462	0.995710059171598	0.996319526627219	0.996224852071006	0.996171597633136	0.996076923076923	0.995763313609467	0.995804733727811
0.483507331683168	0.991168316831683	0.990876237623762	0.991252475247525	0.991267326732673	0.991242574257426	0.991574257425743	0.991777227722772
0.48453260130719	0.992339869281046	0.99237908496732	0.99283660130719	0.993307189542484	0.99337908496732	0.993111111111111	0.993235294117647
0.4855895	0.979522222222222	0.97885	0.979205555555556	0.979261111111111	0.979438888888889	0.979455555555556	0.9795
0.486490416666667	0.997463541666667	0.996817708333333	0.997010416666667	0.9971875	0.99721875	0.997119791666667	0.997166666666667
0.487439540084388	0.989945147679325	0.99253164556962	0.993139240506329	0.993333333333333	0.993278481012658	0.9922194092827	0.99264135021097
0.488455786458333	0.978359375	0.980041666666667	0.980557291666667	0.980989583333333	0.981369791666667	0.981119791666667	0.981255208333333
0.489472341040462	0.99485549132948	0.994890173410405	0.995040462427746	0.995132947976879	0.995127167630058	0.994953757225434	0.994982658959538
0.490564841836735	0.995954081632653	0.996188775510204	0.996071428571429	0.996142857142857	0.996030612244898	0.996117346938776	0.99625
0.491552532407407	0.996055555555556	0.995574074074074	0.995828703703704	0.995675925925926	0.99575	0.995444444444444	0.995523148148148
0.492552870445344	0.995315789473684	0.995582995951417	0.995919028340081	0.9957004048583	0.99582995951417	0.995676113360324	0.995522267206478
0.493420096938776	0.995581632653061	0.995602040816327	0.996015306122449	0.995984693877551	0.995882653061224	0.995852040816327	0.995841836734694
0.494473165048544	0.993354368932039	0.994184466019417	0.994203883495146	0.994325242718447	0.994257281553398	0.994354368932039	0.994441747572816
0.495480423387097	0.988302419354839	0.988020161290323	0.988370967741935	0.988379032258065	0.988282258064516	0.988641129032258	0.988725806451613
0.496538681564246	0.996684357541899	0.996195530726257	0.996326815642458	0.996488826815642	0.996346368715084	0.996198324022346	0.996167597765363
0.497454761565836	0.996380782918149	0.99670462633452	0.996807829181495	0.997032028469751	0.996943060498221	0.996900355871886	0.996669039145907
0.498626580952381	0.983847619047619	0.983742857142857	0.9843	0.984423809523809	0.984661904761905	0.985019047619048	0.985190476190476
0.499585046296296	0.993569444444444	0.992967592592593	0.993069444444444	0.992958333333333	0.992601851851852	0.992671296296296	0.992703703703704
