n100	n200	n300	n400	n500	n1000	n2000	MAF
0.345861007613802	0.334392374900715	0.33672974284328	0.334249232261193	0.329723614029417	0.323406980467499	0.310898965791567	0.000205997266401907
0.569899448589037	0.552066645305992	0.541545425153573	0.531522793404462	0.526349822179114	0.48936170212766	0.440064102564103	0.000411963749118872
0.636942675159236	0.608465608465608	0.605571847507331	0.590620420127015	0.5859375	0.549610894941634	0.500721500721501	0.000618006116402117
0.653649167733675	0.613979848866499	0.605615826419911	0.591836734693878	0.573240329740013	0.541429475015813	0.491183879093199	0.000823873501259446
0.690236898779612	0.647867465632711	0.642857142857143	0.625441696113074	0.615683504062169	0.568910821290095	0.550934085301375	0.0011255671906944
0.709375	0.665112665112665	0.645085803432137	0.626947040498442	0.613707165109034	0.564102564102564	0.57964257964258	0.00144133289044289
0.736214605067064	0.700589970501475	0.687964338781575	0.669372693726937	0.665191740412979	0.634218289085546	0.644542772861357	0.00164793177728614
0.803619302949062	0.764471057884232	0.745989304812834	0.740839440373085	0.728181212524983	0.70791749833666	0.705921490352628	0.00185390650698603
0.784124087591241	0.741654571843251	0.719403527914166	0.697856104651163	0.689066472938612	0.686865021770682	0.692307692307692	0.00247210812772134
0.810252334591695	0.756888802032441	0.73426435877262	0.720734805550127	0.721321086574165	0.72249364862224	0.727770177838577	0.00349021716044557
0.856152125279642	0.815367483296214	0.799242424242424	0.792650334075724	0.79532293986637	0.797327394209354	0.803563474387528	0.00452073063028953
0.868942468369539	0.825941821649976	0.819461006439304	0.816837586453613	0.816642823080591	0.82689556509299	0.83381020505484	0.00553064500953743
0.862534519791347	0.830229007633588	0.820763358778626	0.819847328244275	0.826564885496183	0.835114503816794	0.840916030534351	0.00657046647938931
0.891104294478528	0.85968137254902	0.854779411764706	0.860600490196078	0.862132352941177	0.875919117647059	0.878370098039216	0.00743398564338235
0.897129866439329	0.870281010502413	0.875390292364462	0.881067272211184	0.882202668180528	0.88787964802725	0.886744252057905	0.00843564777178541
0.908576814326107	0.892935635792779	0.89607535321821	0.901412872841444	0.902040816326531	0.908006279434851	0.914285714285714	0.00946702560753532
0.911421155094095	0.896562905317769	0.90402075226978	0.908560311284047	0.913099870298314	0.920557717250324	0.926718547341115	0.0104819189364462
0.902554744525547	0.90149580445093	0.909886902590295	0.909886902590295	0.918278000729661	0.926669098869026	0.93031740240788	0.011546607223641
0.90480065093572	0.891825945506303	0.906466043106954	0.91663277755185	0.920699471329809	0.927612850752338	0.928832858885726	0.012547066693778
0.908530805687204	0.910468972051161	0.924206537186168	0.928469919469446	0.935101847465656	0.937944102321175	0.938891520606348	0.0135378937944102
0.927019982623805	0.925716768027802	0.937445699391833	0.942658557775847	0.948305821025195	0.953084274543875	0.956993918331885	0.014463834013901
0.925264012997563	0.935850588712952	0.943158749492489	0.943970767356882	0.94884287454324	0.957369062119367	0.95818107998376	0.0154671772634998
0.928429423459245	0.930948832588177	0.936413313462494	0.939393939393939	0.94883258817685	0.953800298062593	0.952806756085445	0.0164815753104819
0.933706414119673	0.937177280550775	0.950946643717728	0.957401032702238	0.959122203098107	0.960413080895009	0.959982788296041	0.0175227282702238
0.931034482758621	0.936105476673428	0.948275862068966	0.949290060851927	0.956896551724138	0.957403651115619	0.960446247464503	0.0185398735294118
0.948207171314741	0.956769055745165	0.956769055745165	0.96188850967008	0.964163822525597	0.97098976109215	0.973265073947668	0.0195529323094425
0.939086294416244	0.958121827411167	0.954314720812183	0.95494923857868	0.95748730964467	0.965736040609137	0.966370558375635	0.0205008154187817
0.943887775551102	0.959251837007348	0.965263861055444	0.966599866399466	0.972611890447562	0.975283901135605	0.976619906479626	0.0214424918503674
0.951025810721377	0.963600264725347	0.972203838517538	0.974189278623428	0.974851091992058	0.980145598941099	0.982792852415619	0.0224636375909993
0.943306010928962	0.954948805460751	0.96518771331058	0.972696245733788	0.971331058020478	0.978156996587031	0.977474402730375	0.0234577561774744
0.959736456808199	0.971449487554905	0.978770131771596	0.979502196193265	0.972181551976574	0.98316251830161	0.980966325036603	0.0245030625915081
0.943278943278943	0.96037296037296	0.97047397047397	0.971250971250971	0.968919968919969	0.968919968919969	0.974358974358974	0.0255523059052059
0.938574938574939	0.956592956592957	0.961506961506961	0.963963963963964	0.968058968058968	0.966420966420966	0.965601965601966	0.0265869189189189
0.945111492281304	0.969125214408233	0.975128644939966	0.973413379073756	0.978559176672384	0.981989708404803	0.981132075471698	0.0275107961406518
0.947321428571429	0.96875	0.971428571428571	0.974107142857143	0.973214285714286	0.977678571428571	0.978571428571429	0.0284561446428571
0.952822240943555	0.960404380791912	0.966301600673968	0.962931760741365	0.966301600673968	0.96798652064027	0.973041280539174	0.0294687205560236
0.972830188679245	0.986415094339623	0.984150943396226	0.987924528301887	0.987924528301887	0.989433962264151	0.991698113207547	0.0304543486037736
0.959633027522936	0.976146788990826	0.98256880733945	0.984403669724771	0.980733944954128	0.98348623853211	0.98348623853211	0.0314970257798165
0.966386554621849	0.978524743230626	0.987861811391223	0.985060690943044	0.988795518207283	0.986928104575163	0.985060690943044	0.0325660094304388
0.978965819456617	0.98159509202454	0.983347940403155	0.982471516213848	0.982471516213848	0.985977212971078	0.988606485539001	0.033530407537248
0.958986731001206	0.973462002412545	0.980699638118215	0.981905910735826	0.983112183353438	0.984318455971049	0.987937273823884	0.0345132355850422
0.959259259259259	0.977777777777778	0.987654320987654	0.982716049382716	0.98641975308642	0.990123456790123	0.992592592592593	0.0354726630864198
0.974971558589306	0.982935153583618	0.985210466439135	0.986348122866894	0.987485779294653	0.984072810011377	0.982935153583618	0.0364636733788396
0.974304068522484	0.978586723768737	0.981798715203426	0.986081370449679	0.986081370449679	0.988222698072805	0.991434689507495	0.0375355035331906
0.972122302158273	0.986510791366906	0.987410071942446	0.986510791366906	0.986510791366906	0.989208633093525	0.989208633093525	0.0385122169964029
0.980309423347398	0.983122362869198	0.987341772151899	0.988748241912799	0.985935302390999	0.988748241912799	0.988748241912799	0.039516635302391
0.978313253012048	0.98433734939759	0.987951807228916	0.987951807228916	0.990361445783133	0.991566265060241	0.990361445783133	0.0405738813253012
0.986627043090639	0.992570579494799	0.989598811292719	0.99405646359584	0.99405646359584	0.99405646359584	0.991084695393759	0.0415648268945022
0.978007761966365	0.996119016817594	0.99353169469599	0.990944372574386	0.990944372574386	0.994825355756792	0.994825355756792	0.0424818895213454
0.974006116207951	0.992354740061162	0.992354740061162	0.992354740061162	0.99388379204893	0.995412844036697	0.992354740061162	0.0434403639143731
0.971428571428571	0.984126984126984	0.980952380952381	0.984126984126984	0.985714285714286	0.988888888888889	0.985714285714286	0.0445067517460317
0.984352773826458	0.994310099573257	0.997155049786629	0.997155049786629	0.995732574679943	0.997155049786629	0.995732574679943	0.0455262955903272
0.986036519871106	0.995703544575725	0.996777658431794	0.995703544575725	0.995703544575725	0.996777658431794	0.996777658431794	0.0465572237379162
0.976031957390146	0.986684420772304	0.992010652463382	0.990679094540613	0.988015978695073	0.992010652463382	0.993342210386152	0.0474999778961385
0.991391678622669	0.994261119081779	0.997130559540889	0.995695839311334	0.997130559540889	0.997130559540889	0.997130559540889	0.0485453575322812
0.992134831460674	0.995505617977528	0.996629213483146	0.998876404494382	0.998876404494382	0.998876404494382	0.997752808988764	0.0494668924719101
0.992937853107345	0.997175141242938	0.994350282485876	0.991525423728814	0.991525423728814	0.990112994350282	0.991525423728814	0.0504699550847458
0.990123456790123	0.993827160493827	0.995061728395062	0.997530864197531	1	0.998765432098765	0.997530864197531	0.051502817654321
0.985751295336788	0.992227979274611	0.993523316062176	0.993523316062176	0.992227979274611	0.994818652849741	0.996113989637306	0.0524156292746114
0.980487804878049	0.985365853658537	0.990243902439024	0.991869918699187	0.991869918699187	0.991869918699187	0.991869918699187	0.0535215071544715
0.991258741258741	0.991258741258741	0.987762237762238	0.991258741258741	0.994755244755245	0.989510489510489	0.989510489510489	0.0545037986013986
0.981684981684982	0.989010989010989	0.992673992673993	0.992673992673993	0.992673992673993	0.992673992673993	0.992673992673993	0.055495343040293
0.977547495682211	0.989637305699482	0.991364421416235	0.994818652849741	0.996545768566494	0.996545768566494	0.996545768566494	0.0564695687392055
0.990407673860911	0.996402877697842	0.996402877697842	0.996402877697842	0.995203836930456	0.996402877697842	0.996402877697842	0.0574772070743405
0.978260869565217	0.981366459627329	0.989130434782609	0.987577639751553	0.989130434782609	0.987577639751553	0.989130434782609	0.0585008953416149
0.995334370139969	0.996889580093313	0.995334370139969	0.995334370139969	0.995334370139969	0.993779160186625	0.995334370139969	0.0595744496111975
0.992836676217765	0.998567335243553	0.998567335243553	0.998567335243553	0.998567335243553	0.998567335243553	0.998567335243553	0.0605287567335244
0.990536277602524	0.996845425867508	0.998422712933754	0.996845425867508	0.995268138801262	0.996845425867508	0.995268138801262	0.0615190619873817
0.998058252427184	0.998058252427184	0.998058252427184	0.998058252427184	0.998058252427184	0.998058252427184	0.998058252427184	0.0625377685436893
0.9921875	0.99375	0.9921875	0.990625	0.9890625	0.99375	0.9921875	0.063468298125
0.990338164251208	0.993558776167472	0.993558776167472	0.995169082125604	0.996779388083736	0.996779388083736	0.998389694041868	0.0644109777777778
0.992217898832685	0.988326848249027	0.994163424124514	0.992217898832685	0.992217898832685	0.994163424124514	0.996108949416342	0.065556383463035
0.996021220159151	0.996021220159151	0.996021220159151	0.996021220159151	0.997347480106101	0.997347480106101	0.997347480106101	0.0664764888594165
0.995750708215297	0.995750708215297	0.995750708215297	0.995750708215297	0.997167138810198	0.997167138810198	0.997167138810198	0.0675250647308782
0.991624790619765	0.993299832495812	0.993299832495812	0.996649916247906	0.994974874371859	0.994974874371859	0.994974874371859	0.0685455453936348
0.991961414790997	0.991961414790997	0.993569131832797	0.995176848874598	0.995176848874598	0.993569131832797	0.993569131832797	0.0695121390675241
0.985267034990792	0.988950276243094	0.988950276243094	0.987108655616943	0.988950276243094	0.992633517495396	0.994475138121547	0.0704388944751381
0.995698924731183	0.997849462365591	0.997849462365591	0.997849462365591	0.997849462365591	1	1	0.0714496468817204
0.992409867172676	0.990512333965844	0.992409867172676	0.990512333965844	0.992409867172676	0.992409867172676	0.992409867172676	0.0725033518026565
0.99402390438247	0.99800796812749	0.99800796812749	0.99800796812749	1	1	0.99800796812749	0.0734947053784861
0.990328820116054	0.996131528046422	0.994197292069632	0.994197292069632	0.996131528046422	0.992263056092843	0.994197292069632	0.0745559789168279
0.993801652892562	0.993801652892562	0.993801652892562	0.991735537190083	0.991735537190083	0.991735537190083	0.991735537190083	0.0755293390495868
0.994117647058824	0.994117647058824	0.996078431372549	0.996078431372549	0.994117647058824	0.996078431372549	0.996078431372549	0.0765561882352941
0.983870967741935	0.986559139784946	0.986559139784946	0.986559139784946	0.986559139784946	0.986559139784946	0.986559139784946	0.0774094072580645
0.991573033707865	0.99438202247191	0.985955056179775	0.991573033707865	0.98876404494382	0.98876404494382	0.98876404494382	0.0784725699438202
1	1	0.998330550918197	1	1	1	1	0.0795099739565943
1	1	1	1	1	1	1	0.0804774717703349
0.991212653778559	0.992970123022847	0.992970123022847	0.992970123022847	0.992970123022847	0.992970123022847	0.992970123022847	0.0815589943760984
0.99492385786802	0.99492385786802	0.99492385786802	0.99238578680203	0.99492385786802	0.99746192893401	0.99746192893401	0.082510873857868
0.994169096209913	0.994169096209913	0.991253644314869	0.991253644314869	0.991253644314869	0.991253644314869	0.991253644314869	0.0835102204081633
0.994186046511628	0.996124031007752	0.998062015503876	0.996124031007752	0.998062015503876	0.996124031007752	0.996124031007752	0.08452095
0.996533795493934	0.998266897746967	0.998266897746967	0.998266897746967	0.998266897746967	0.998266897746967	0.998266897746967	0.0854240998266898
0.968468468468468	0.993243243243243	0.993243243243243	0.995495495495496	1	0.995495495495496	1	0.0864795720720721
0.965432098765432	0.987654320987654	0.987654320987654	0.987654320987654	0.997530864197531	0.987654320987654	0.997530864197531	0.0875178982716049
0.973621103117506	1	1	1	1	1	1	0.0884714880095923
0.993103448275862	0.994827586206897	0.991379310344828	0.993103448275862	0.994827586206897	0.994827586206897	0.994827586206897	0.0895300015517241
1	1	1	1	1	1	1	0.0905216628712871
0.994134897360704	0.997067448680352	0.997067448680352	0.997067448680352	0.997067448680352	0.997067448680352	0.997067448680352	0.0914844495601173
0.994708994708995	1	1	1	1	1	1	0.0924869272486772
1	1	1	1	1	1	1	0.0934209459161148
0.995515695067265	0.997757847533632	0.997757847533632	0.997757847533632	0.997757847533632	0.997757847533632	0.997757847533632	0.0945585538116592
0.99781181619256	1	1	1	1	1	1	0.0955114006564552
0.991561181434599	0.99789029535865	0.99789029535865	0.99789029535865	0.99789029535865	0.99789029535865	0.99789029535865	0.0965633824894515
0.998220640569395	0.998220640569395	0.998220640569395	0.998220640569395	1	1	1	0.0975063026690391
0.994722955145119	0.997361477572559	0.997361477572559	0.997361477572559	0.997361477572559	0.997361477572559	0.997361477572559	0.0984641868073879
0.994694960212202	0.997347480106101	0.994694960212202	0.994694960212202	0.994694960212202	0.994694960212202	0.994694960212202	0.0994893153846154
0.997229916897507	1	1	1	1	1	1	0.100448836565097
0.997658079625293	0.997658079625293	1	0.997658079625293	0.997658079625293	0.997658079625293	1	0.101558829039813
0.997635933806147	0.997635933806147	0.997635933806147	0.997635933806147	1	0.997635933806147	1	0.102470914893617
0.997167138810198	0.997167138810198	0.997167138810198	0.997167138810198	0.997167138810198	0.997167138810198	0.997167138810198	0.103534303116147
0.996987951807229	1	1	1	1	1	1	0.104532460843373
1	1	1	1	1	1	1	0.105505122754491
0.994082840236686	0.994082840236686	0.997041420118343	0.997041420118343	0.997041420118343	0.997041420118343	0.997041420118343	0.1064695
0.997695852534562	0.997695852534562	0.995391705069124	0.995391705069124	0.995391705069124	0.995391705069124	0.997695852534562	0.107507739631336
0.984189723320158	0.99604743083004	0.99802371541502	0.99802371541502	0.99604743083004	0.99604743083004	0.99802371541502	0.108425017786561
0.997635933806147	1	1	1	1	1	1	0.109516144208038
1	0.997572815533981	1	0.997572815533981	0.997572815533981	0.997572815533981	0.997572815533981	0.110537504854369
1	1	1	1	1	1	1	0.111513524242424
1	1	1	1	1	1	1	0.112438278625954
0.996969696969697	0.996969696969697	0.996969696969697	0.996969696969697	0.996969696969697	0.996969696969697	0.996969696969697	0.113449512121212
0.997624703087886	0.995249406175772	0.997624703087886	0.997624703087886	0.997624703087886	0.997624703087886	0.997624703087886	0.114520722090261
0.997260273972603	0.994520547945206	0.994520547945206	0.997260273972603	0.997260273972603	0.997260273972603	0.997260273972603	0.115472246575342
0.996376811594203	0.996376811594203	0.996376811594203	0.996376811594203	0.996376811594203	0.996376811594203	0.996376811594203	0.116519402173913
0.996845425867508	0.996845425867508	0.996845425867508	0.996845425867508	0.996845425867508	0.996845425867508	0.996845425867508	0.117492839116719
0.99685534591195	0.99685534591195	0.99685534591195	0.99685534591195	0.99685534591195	1	0.99685534591195	0.118575188679245
0.994897959183674	0.994897959183674	0.994897959183674	0.994897959183674	0.994897959183674	0.994897959183674	0.994897959183674	0.119462255102041
0.993939393939394	0.993939393939394	0.993939393939394	0.993939393939394	0.993939393939394	0.996969696969697	0.996969696969697	0.120493345454545
0.996763754045307	0.996763754045307	1	1	0.996763754045307	1	1	0.121494750809061
0.990291262135922	0.990291262135922	0.990291262135922	0.990291262135922	0.990291262135922	0.990291262135922	0.990291262135922	0.12248684789644
0.996710526315789	0.996710526315789	0.996710526315789	0.996710526315789	0.996710526315789	0.996710526315789	0.996710526315789	0.123546453947368
1	1	1	1	1	1	1	0.124522691082803
1	0.993311036789298	0.993311036789298	0.993311036789298	0.996655518394649	0.996655518394649	0.996655518394649	0.125498304347826
1	1	1	1	1	1	1	0.12648426
0.997361477572559	0.997361477572559	0.997361477572559	0.994722955145119	0.994722955145119	0.994722955145119	0.994722955145119	0.127482118733509
0.993527508090615	0.993527508090615	0.993527508090615	0.993527508090615	0.993527508090615	0.993527508090615	0.993527508090615	0.128528741100324
1	1	1	1	1	1	1	0.129506084134615
0.997858672376874	1	1	1	1	1	1	0.130527884368308
0.996699669966997	0.996699669966997	0.996699669966997	0.996699669966997	0.996699669966997	0.996699669966997	0.996699669966997	0.131501636963696
1	1	1	1	1	1	1	0.132502258964143
1	1	1	1	1	1	1	0.133542347087379
1	1	1	1	1	1	1	0.13444617264574
1	1	1	1	1	1	1	0.13546398490566
0.991573033707865	0.991573033707865	0.991573033707865	0.991573033707865	0.991573033707865	0.997191011235955	0.997191011235955	0.136519502808989
0.992481203007519	0.992481203007519	0.992481203007519	0.992481203007519	0.992481203007519	0.994987468671679	0.994987468671679	0.13751109273183
0.99746192893401	0.99746192893401	1	1	1	1	1	0.138536114213198
0.997084548104956	1	1	1	1	1	1	0.139446565597668
0.996688741721854	0.996688741721854	0.996688741721854	0.996688741721854	0.996688741721854	0.996688741721854	0.996688741721854	0.140504129139073
0.997297297297297	0.997297297297297	0.997297297297297	0.997297297297297	0.997297297297297	0.997297297297297	0.997297297297297	0.141458754054054
0.994444444444444	0.994444444444444	0.994444444444444	0.994444444444444	0.994444444444444	0.994444444444444	0.994444444444444	0.142523897222222
0.996491228070175	0.996491228070175	0.996491228070175	0.996491228070175	0.996491228070175	0.996491228070175	0.996491228070175	0.143466768421053
1	1	1	1	1	1	1	0.144528895384615
1	1	1	1	1	1	1	0.145505951807229
0.994791666666667	0.997395833333333	0.997395833333333	0.997395833333333	0.997395833333333	0.997395833333333	0.997395833333333	0.146460838541667
0.995433789954338	0.995433789954338	0.995433789954338	0.995433789954338	0.995433789954338	0.995433789954338	0.995433789954338	0.147507392694064
1	1	1	1	1	1	1	0.148444419354839
0.99250936329588	0.99250936329588	0.99250936329588	0.99250936329588	0.99250936329588	0.99250936329588	0.99250936329588	0.149432719101124
0.99625468164794	0.99625468164794	0.99625468164794	0.99625468164794	0.99625468164794	0.99625468164794	0.99625468164794	0.150538981273408
0.997041420118343	1	0.997041420118343	0.997041420118343	0.997041420118343	0.997041420118343	1	0.151531621301775
1	1	1	1	1	1	1	0.152493719653179
1	1	1	1	1	1	1	0.153453144366197
1	1	1	1	1	1	1	0.15455700955414
0.997050147492625	0.997050147492625	0.997050147492625	0.997050147492625	0.997050147492625	0.997050147492625	0.997050147492625	0.155359398230088
0.996503496503496	1	1	1	1	1	1	0.156489265734266
1	1	1	1	1	1	1	0.157502681114551
0.996699669966997	1	1	1	1	1	1	0.158529643564356
1	1	1	1	1	1	1	0.159465778169014
0.997101449275362	0.997101449275362	0.997101449275362	0.997101449275362	0.997101449275362	0.997101449275362	0.997101449275362	0.160524565217391
1	1	1	1	1	1	1	0.161524807407407
0.993569131832797	0.993569131832797	0.993569131832797	0.993569131832797	0.993569131832797	0.996784565916399	0.996784565916399	0.16246192926045
1	1	1	1	1	1	1	0.163467362711864
0.996774193548387	0.996774193548387	0.996774193548387	0.996774193548387	0.996774193548387	0.996774193548387	0.996774193548387	0.164568780645161
0.996031746031746	0.996031746031746	0.996031746031746	0.996031746031746	0.996031746031746	0.996031746031746	0.996031746031746	0.165463242063492
1	1	1	1	1	1	1	0.166464957528958
1	1	1	1	1	1	1	0.167501802721088
1	1	1	1	1	1	1	0.168568276679842
0.996336996336996	0.996336996336996	0.996336996336996	0.996336996336996	0.996336996336996	0.996336996336996	0.996336996336996	0.169409128205128
0.995515695067265	0.995515695067265	0.995515695067265	0.995515695067265	0.995515695067265	0.995515695067265	0.995515695067265	0.170552569506726
1	1	1	1	1	1	1	0.171523576323988
1	1	1	1	1	1	1	0.172514417266187
1	1	1	0.996108949416342	0.996108949416342	0.996108949416342	0.996108949416342	0.173495525291829
1	1	1	1	1	1	1	0.174548043771044
0.981751824817518	0.981751824817518	0.981751824817518	0.981751824817518	0.981751824817518	0.981751824817518	0.981751824817518	0.175482124087591
1	1	1	1	1	1	1	0.176511103004292
0.99625468164794	0.99625468164794	0.99625468164794	0.99625468164794	0.99625468164794	0.99625468164794	0.99625468164794	0.177502610486891
0.996794871794872	0.996794871794872	0.996794871794872	0.996794871794872	0.996794871794872	0.993589743589744	0.996794871794872	0.17847341025641
0.984962406015038	0.984962406015038	0.988721804511278	0.984962406015038	0.984962406015038	0.984962406015038	0.984962406015038	0.179512417293233
0.995049504950495	0.995049504950495	0.995049504950495	0.995049504950495	0.995049504950495	0.995049504950495	0.995049504950495	0.180504643564356
0.996138996138996	0.996138996138996	0.996138996138996	0.996138996138996	0.996138996138996	1	1	0.181484540540541
0.996621621621622	0.996621621621622	0.996621621621622	0.996621621621622	0.996621621621622	0.996621621621622	0.996621621621622	0.182513739864865
1	1	1	1	1	1	1	0.183504086956522
1	1	1	1	1	1	1	0.184517372372372
0.993506493506494	0.99025974025974	0.99025974025974	0.99025974025974	0.99025974025974	0.993506493506494	0.993506493506494	0.185438704545455
0.996815286624204	0.996815286624204	0.996815286624204	0.996815286624204	0.996815286624204	0.996815286624204	0.996815286624204	0.186531643312102
1	1	1	1	1	1	1	0.187448147169811
1	1	1	1	1	1	1	0.188515027559055
1	1	1	1	1	1	1	0.189525423236515
1	0.99581589958159	1	1	1	1	1	0.190526928870293
1	1	1	1	1	1	1	0.191487314371257
1	1	1	1	1	1	1	0.192530241106719
1	1	1	1	1	1	1	0.193523298050139
1	1	1	1	1	1	1	0.194534206982544
1	1	1	1	1	1	1	0.195485542168675
1	1	1	1	0.996363636363636	0.996363636363636	0.996363636363636	0.196503709090909
0.992700729927007	0.992700729927007	0.992700729927007	0.992700729927007	0.992700729927007	0.992700729927007	0.992700729927007	0.197524222627737
0.993006993006993	0.993006993006993	0.993006993006993	0.993006993006993	0.993006993006993	0.993006993006993	0.993006993006993	0.198498818181818
0.996336996336996	0.992673992673993	0.992673992673993	0.992673992673993	0.992673992673993	0.992673992673993	0.992673992673993	0.199469340659341
0.994623655913978	0.997311827956989	0.997311827956989	0.997311827956989	0.997311827956989	0.997311827956989	0.997311827956989	0.200591319892473
0.994505494505495	0.994505494505495	0.994505494505495	0.994505494505495	0.994505494505495	0.994505494505495	0.994505494505495	0.201492090659341
0.994694960212202	0.994694960212202	0.994694960212202	0.994694960212202	0.994694960212202	0.994694960212202	0.994694960212202	0.202512798408488
1	1	1	1	1	1	1	0.203494855329949
1	1	1	1	1	1	1	0.204546217158177
1	1	1	1	1	1	1	0.205418316923077
0.996960486322188	0.996960486322188	0.996960486322188	0.996960486322188	0.996960486322188	0.996960486322188	0.996960486322188	0.206490927051672
1	1	1	1	1	1	1	0.207506988142292
0.995967741935484	0.995967741935484	0.995967741935484	0.995967741935484	0.995967741935484	0.995967741935484	0.995967741935484	0.208496036290323
1	1	1	1	1	1	1	0.209497392361111
0.996389891696751	0.996389891696751	0.996389891696751	0.996389891696751	0.996389891696751	0.996389891696751	0.996389891696751	0.210509003610108
1	1	1	1	1	1	1	0.21150634057971
0.995327102803738	0.995327102803738	0.995327102803738	0.995327102803738	0.995327102803738	0.995327102803738	0.995327102803738	0.212472570093458
1	1	1	1	1	1	1	0.213514308510638
1	1	1	1	1	1	1	0.214506622775801
0.996865203761755	0.996865203761755	1	1	1	1	1	0.215572752351097
0.992395437262357	0.992395437262357	0.992395437262357	0.992395437262357	0.992395437262357	0.992395437262357	0.992395437262357	0.216431315589354
1	1	1	1	1	0.994444444444444	0.994444444444444	0.217543661111111
1	1	1	1	1	1	1	0.218495827272727
1	1	1	1	1	1	1	0.219490164179104
1	1	1	1	1	1	1	0.220492935294118
1	1	1	1	1	1	1	0.221523083333333
0.995744680851064	0.995744680851064	0.995744680851064	0.995744680851064	0.995744680851064	0.995744680851064	0.995744680851064	0.222508629787234
1	1	1	1	1	1	1	0.223527518382353
1	1	1	1	1	1	1	0.224532025559105
1	1	1	1	1	1	1	0.22548429109589
0.996941896024465	0.996941896024465	0.996941896024465	0.996941896024465	0.996941896024465	0.996941896024465	0.996941896024465	0.226509510703364
1	1	1	1	1	1	1	0.227451847507331
1	1	1	1	1	1	1	0.228505028436019
1	1	1	1	1	1	1	0.229494075675676
0.988	0.988	0.988	0.988	0.988	0.988	0.988	0.230554164
1	1	1	1	1	1	1	0.231428454873646
1	1	1	1	1	1	1	0.232551313131313
1	1	1	1	1	1	1	0.23347581443299
0.988888888888889	0.988888888888889	0.988888888888889	0.988888888888889	0.988888888888889	0.988888888888889	0.988888888888889	0.234475077777778
0.991701244813278	0.991701244813278	0.991701244813278	0.991701244813278	0.991701244813278	0.991701244813278	0.991701244813278	0.235529883817427
1	1	1	1	1	1	1	0.236551433333333
1	1	1	1	1	1	1	0.237450225396825
1	1	1	1	1	1	1	0.238530431192661
0.997093023255814	0.997093023255814	0.997093023255814	0.997093023255814	0.997093023255814	0.997093023255814	0.997093023255814	0.23947964244186
1	1	1	1	1	1	1	0.24048939527027
0.996913580246914	0.996913580246914	0.996913580246914	0.996913580246914	0.996913580246914	0.996913580246914	0.996913580246914	0.241466950617284
1	1	1	1	1	1	1	0.242501147982063
0.995495495495496	0.995495495495496	0.995495495495496	0.995495495495496	0.995495495495496	0.995495495495496	0.995495495495496	0.243524441441441
1	1	1	1	1	1	1	0.244574144981413
1	1	1	1	1	1	1	0.245536889589905
1	1	1	1	1	1	1	0.2464948875
0.995283018867924	0.995283018867924	0.995283018867924	0.995283018867924	0.995283018867924	0.995283018867924	0.995283018867924	0.24744975
0.994791666666667	0.994791666666667	0.994791666666667	0.994791666666667	0.994791666666667	0.994791666666667	0.994791666666667	0.248476770833333
1	1	1	1	1	1	1	0.249539349442379
0.996491228070175	0.996491228070175	0.996491228070175	0.996491228070175	0.996491228070175	0.996491228070175	0.996491228070175	0.250501957894737
0.995145631067961	0.995145631067961	0.995145631067961	0.995145631067961	0.995145631067961	0.995145631067961	0.995145631067961	0.251464742718447
0.987903225806452	0.987903225806452	0.987903225806452	0.987903225806452	0.987903225806452	0.991935483870968	0.987903225806452	0.25251427016129
1	1	1	1	1	1	1	0.253496069204152
1	1	1	1	1	1	1	0.254520901459854
1	1	1	0.997289972899729	0.997289972899729	0.997289972899729	1	0.25542587804878
1	1	1	1	1	1	1	0.256504905723906
1	1	1	0.996323529411765	0.996323529411765	0.996323529411765	1	0.257491529411765
0.996363636363636	0.996363636363636	0.996363636363636	0.996363636363636	0.996363636363636	0.996363636363636	0.996363636363636	0.258460232727273
0.992452830188679	0.992452830188679	0.992452830188679	0.992452830188679	0.992452830188679	0.992452830188679	0.992452830188679	0.259567886792453
0.993865030674847	0.993865030674847	0.993865030674847	0.993865030674847	0.993865030674847	0.993865030674847	0.993865030674847	0.260487564417178
1	1	1	1	1	1	1	0.261477817910448
1	1	1	1	1	1	1	0.262421348837209
1	1	1	1	1	1	1	0.263418155555556
0.99492385786802	0.99492385786802	0.99492385786802	0.99492385786802	0.99492385786802	0.99492385786802	0.99492385786802	0.264563263959391
1	1	1	1	1	1	1	0.265486284722222
0.995867768595041	0.995867768595041	0.995867768595041	0.995867768595041	0.995867768595041	1	1	0.266485648760331
1	1	1	1	1	1	1	0.267519547738693
0.994974874371859	1	0.994974874371859	0.994974874371859	0.994974874371859	0.994974874371859	1	0.268477592964824
0.993920972644377	0.996960486322188	0.996960486322188	0.996960486322188	0.996960486322188	0.996960486322188	0.996960486322188	0.269546036474164
0.996078431372549	0.996078431372549	0.996078431372549	0.996078431372549	0.996078431372549	0.996078431372549	0.996078431372549	0.270485235294118
1	1	1	1	1	1	1	0.271487721698113
1	1	1	1	1	1	1	0.272543596707819
1	0.995867768595041	0.995867768595041	0.995867768595041	0.995867768595041	0.995867768595041	0.995867768595041	0.273523260330578
1	1	1	1	1	1	1	0.274485023529412
1	1	1	1	1	1	1	0.275464327777778
0.996389891696751	0.996389891696751	0.996389891696751	0.996389891696751	0.996389891696751	0.996389891696751	0.996389891696751	0.276563722021661
0.99290780141844	0.99290780141844	0.99290780141844	0.99290780141844	0.99290780141844	0.99290780141844	0.99290780141844	0.277524379432624
0.997058823529412	0.997058823529412	0.997058823529412	0.997058823529412	0.997058823529412	0.997058823529412	0.997058823529412	0.278477641176471
0.997014925373134	0.997014925373134	0.997014925373134	0.997014925373134	0.997014925373134	0.997014925373134	0.997014925373134	0.27952192238806
1	1	1	1	1	1	1	0.280558283524904
1	1	1	1	1	1	1	0.281423441860465
1	1	1	1	1	1	1	0.282456279527559
0.996904024767802	0.996904024767802	0.996904024767802	0.996904024767802	0.996904024767802	0.996904024767802	0.996904024767802	0.28358199380805
0.991071428571429	0.991071428571429	0.991071428571429	0.991071428571429	0.991071428571429	0.991071428571429	0.991071428571429	0.284468486607143
0.990243902439024	0.990243902439024	0.990243902439024	0.990243902439024	0.990243902439024	0.990243902439024	0.990243902439024	0.285474824390244
0.994974874371859	0.994974874371859	0.994974874371859	0.994974874371859	0.994974874371859	0.994974874371859	0.994974874371859	0.28656348241206
0.995762711864407	0.995762711864407	0.995762711864407	0.995762711864407	0.995762711864407	0.995762711864407	0.995762711864407	0.287541368644068
0.990291262135922	0.990291262135922	0.990291262135922	0.990291262135922	0.990291262135922	0.990291262135922	0.990291262135922	0.288492009708738
0.995391705069124	0.995391705069124	0.995391705069124	0.995391705069124	0.995391705069124	1	0.995391705069124	0.289463331797235
0.995327102803738	0.995327102803738	0.995327102803738	0.995327102803738	0.995327102803738	0.995327102803738	0.995327102803738	0.29048823364486
1	1	1	1	1	1	1	0.291422930434783
1	1	1	1	1	1	1	0.292491658986175
1	1	1	1	1	1	1	0.293539578651685
0.994818652849741	1	1	0.994818652849741	0.994818652849741	0.994818652849741	0.994818652849741	0.294547777202073
0.993975903614458	0.993975903614458	0.993975903614458	0.993975903614458	0.993975903614458	0.993975903614458	0.993975903614458	0.29548378313253
1	1	1	1	1	1	1	0.296516764444444
0.99609375	0.99609375	0.99609375	0.99609375	0.99609375	0.99609375	0.99609375	0.29749692578125
1	1	1	1	1	1	1	0.298487253061224
0.993975903614458	0.993975903614458	0.993975903614458	0.993975903614458	0.993975903614458	0.993975903614458	0.993975903614458	0.29947286746988
0.996336996336996	0.996336996336996	0.996336996336996	0.996336996336996	0.996336996336996	0.996336996336996	0.996336996336996	0.300531494505494
0.990566037735849	0.995283018867924	0.990566037735849	0.990566037735849	0.990566037735849	0.995283018867924	0.995283018867924	0.301434688679245
0.992857142857143	1	0.992857142857143	0.992857142857143	0.992857142857143	1	1	0.302477664285714
0.995	0.995	0.995	0.995	0.995	0.995	0.995	0.30351234
0.994219653179191	0.994219653179191	0.994219653179191	0.994219653179191	0.994219653179191	0.994219653179191	0.994219653179191	0.304469687861272
1	1	1	1	1	1	1	0.305512619469027
1	1	1	1	1	1	1	0.306470996183206
1	1	1	1	1	1	1	0.307505020979021
0.995073891625616	0.995073891625616	0.995073891625616	0.995073891625616	0.995073891625616	0.995073891625616	0.995073891625616	0.308591763546798
0.986013986013986	0.986013986013986	0.986013986013986	0.986013986013986	0.986013986013986	0.986013986013986	0.986013986013986	0.309457251748252
0.994949494949495	0.994949494949495	0.994949494949495	0.994949494949495	0.994949494949495	0.994949494949495	0.994949494949495	0.310518747474748
0.995305164319249	0.995305164319249	0.995305164319249	0.995305164319249	0.995305164319249	0.995305164319249	0.995305164319249	0.311475089201878
1	1	1	1	1	1	1	0.31252154
0.993055555555556	0.993055555555556	0.993055555555556	0.993055555555556	0.993055555555556	0.993055555555556	0.993055555555556	0.313467118055556
1	1	1	1	1	1	1	0.314553307228916
1	1	1	1	1	1	1	0.315466876237624
0.993288590604027	0.993288590604027	0.993288590604027	0.993288590604027	0.993288590604027	0.993288590604027	0.993288590604027	0.316453026845638
0.993421052631579	0.993421052631579	0.993421052631579	0.993421052631579	0.993421052631579	0.993421052631579	0.993421052631579	0.317414203947368
0.990196078431373	0.990196078431373	0.990196078431373	0.990196078431373	0.990196078431373	0.995098039215686	0.995098039215686	0.318484735294118
0.989473684210526	0.989473684210526	0.989473684210526	0.989473684210526	0.989473684210526	0.989473684210526	0.989473684210526	0.319492705263158
1	1	1	1	1	1	1	0.32052012371134
0.994565217391304	0.994565217391304	0.994565217391304	0.994565217391304	0.994565217391304	0.994565217391304	0.994565217391304	0.321449592391304
1	1	1	1	1	1	1	0.322545846153846
0.993788819875776	0.993788819875776	0.993788819875776	0.993788819875776	0.993788819875776	0.993788819875776	0.993788819875776	0.323485534161491
1	1	1	1	1	1	1	0.324578238938053
1	1	1	1	1	1	1	0.325469384328358
1	1	1	1	1	1	1	0.326515503067485
1	1	1	1	1	1	1	0.32749703125
1	1	1	1	1	1	1	0.328470049107143
0.992307692307692	0.992307692307692	0.992307692307692	0.992307692307692	0.992307692307692	0.992307692307692	0.992307692307692	0.329519711538462
1	1	1	1	1	1	1	0.3305253125
0.993548387096774	0.993548387096774	0.993548387096774	0.993548387096774	0.993548387096774	0.993548387096774	0.993548387096774	0.331524412903226
0.996138996138996	0.996138996138996	0.996138996138996	0.996138996138996	0.996138996138996	0.996138996138996	0.996138996138996	0.332590316602317
1	1	1	1	1	1	1	0.333452223300971
1	1	1	1	1	1	1	0.334476597765363
1	1	1	1	1	1	1	0.335505731707317
1	1	1	1	1	1	1	0.336545409302326
1	1	1	1	1	1	1	0.337503067615658
1	1	1	1	1	1	1	0.338516699570815
0.99618320610687	0.99618320610687	0.99618320610687	0.99618320610687	0.99618320610687	0.99618320610687	0.99618320610687	0.339475152671756
1	1	1	1	1	1	1	0.340516258964143
1	1	1	1	1	1	1	0.341467061320755
0.993548387096774	0.993548387096774	0.993548387096774	0.993548387096774	0.993548387096774	0.993548387096774	0.993548387096774	0.342449535483871
1	1	1	1	0.995260663507109	1	1	0.343497222748815
1	1	1	1	1	1	1	0.344501197740113
1	1	1	1	1	1	1	0.345517405405405
1	1	1	1	1	1	1	0.346507911458333
1	1	1	1	1	1	1	0.347511304
1	1	1	1	1	1	1	0.348452753623188
1	1	1	1	1	1	1	0.349491171296296
1	1	1	1	1	1	1	0.350421197115385
1	1	1	1	1	1	1	0.351579875675676
0.981927710843373	0.987951807228916	0.981927710843373	0.981927710843373	0.981927710843373	0.981927710843373	0.981927710843373	0.352482445783133
1	1	1	1	1	1	1	0.353522240740741
1	1	1	1	1	1	1	0.354538700934579
1	1	1	1	1	1	1	0.355427273809524
1	1	1	1	1	1	1	0.356559296296296
1	1	1	1	1	1	1	0.357522471794872
1	1	1	1	1	1	1	0.358510469512195
1	1	1	1	1	1	1	0.35956035106383
1	1	1	1	1	1	1	0.360539706382979
0.990049751243781	0.990049751243781	0.990049751243781	0.990049751243781	0.990049751243781	0.990049751243781	0.990049751243781	0.361493656716418
0.991379310344828	0.991379310344828	0.991379310344828	0.991379310344828	0.991379310344828	0.991379310344828	0.991379310344828	0.362498637931034
1	1	1	1	1	1	1	0.363520125
1	1	1	1	1	1	1	0.364523446927374
0.994764397905759	0.994764397905759	0.994764397905759	0.994764397905759	0.994764397905759	0.994764397905759	0.994764397905759	0.365497162303665
0.994623655913978	0.994623655913978	0.994623655913978	0.994623655913978	0.994623655913978	0.994623655913978	0.994623655913978	0.366505731182796
0.995	0.995	0.995	0.995	0.995	0.995	0.995	0.36749131
0.99438202247191	1	1	1	1	0.99438202247191	0.99438202247191	0.368531887640449
0.99492385786802	0.99492385786802	0.99492385786802	0.99492385786802	0.99492385786802	0.99492385786802	0.99492385786802	0.369495553299492
0.990338164251208	0.990338164251208	0.990338164251208	0.990338164251208	0.990338164251208	0.990338164251208	0.990338164251208	0.37048122705314
1	1	1	1	1	1	1	0.371487582781457
0.989247311827957	0.989247311827957	0.989247311827957	0.989247311827957	0.989247311827957	0.989247311827957	0.989247311827957	0.372621725806452
0.974842767295597	0.981132075471698	0.981132075471698	0.981132075471698	0.981132075471698	0.981132075471698	0.981132075471698	0.373464301886792
0.994652406417112	0.994652406417112	0.994652406417112	0.994652406417112	0.994652406417112	0.994652406417112	0.994652406417112	0.374498096256685
0.994318181818182	0.994318181818182	0.994318181818182	0.994318181818182	0.994318181818182	0.994318181818182	0.994318181818182	0.375501875
1	1	1	1	1	1	1	0.37649821559633
0.989847715736041	0.99492385786802	0.99492385786802	0.989847715736041	0.99492385786802	0.99492385786802	0.989847715736041	0.377470649746193
1	1	1	1	1	1	1	0.378591526970954
0.996031746031746	0.996031746031746	0.996031746031746	0.996031746031746	0.996031746031746	0.996031746031746	0.996031746031746	0.379518702380952
0.995633187772926	0.995633187772926	0.995633187772926	0.995633187772926	0.995633187772926	0.995633187772926	0.995633187772926	0.380521135371179
0.99	0.995	0.995	0.995	0.995	0.995	0.995	0.381474265
1	1	1	1	1	1	1	0.382493398406375
0.988372093023256	0.988372093023256	0.988372093023256	0.988372093023256	0.988372093023256	0.988372093023256	0.988372093023256	0.383488604651163
0.9957805907173	0.9957805907173	0.9957805907173	0.9957805907173	0.9957805907173	0.9957805907173	0.9957805907173	0.384487143459916
1	1	1	1	1	1	1	0.385472814159292
1	1	1	1	1	1	1	0.386554748768473
0.995098039215686	0.995098039215686	0.995098039215686	0.995098039215686	0.995098039215686	0.995098039215686	0.995098039215686	0.38749837745098
0.994082840236686	0.994082840236686	0.994082840236686	0.994082840236686	0.994082840236686	0.994082840236686	0.994082840236686	0.388493420118343
1	1	1	1	1	1	1	0.389412892655367
1	1	1	1	1	1	1	0.390488806451613
1	1	1	1	1	1	1	0.391535491428571
0.996621621621622	0.996621621621622	0.996621621621622	0.996621621621622	0.996621621621622	0.996621621621622	0.996621621621622	0.392502969594595
0.991967871485944	0.991967871485944	0.991967871485944	0.991967871485944	0.991967871485944	0.991967871485944	0.991967871485944	0.393566626506024
0.990476190476191	0.990476190476191	0.990476190476191	0.990476190476191	0.990476190476191	0.995238095238095	0.995238095238095	0.394499066666667
1	1	1	1	1	1	1	0.395499611111111
1	1	1	1	1	1	1	0.396446688995215
0.995283018867924	0.995283018867924	0.995283018867924	0.995283018867924	0.995283018867924	0.995283018867924	0.995283018867924	0.397530400943396
0.990566037735849	0.990566037735849	0.990566037735849	0.990566037735849	0.990566037735849	0.990566037735849	0.990566037735849	0.398498070754717
0.995652173913044	0.995652173913044	0.995652173913044	0.995652173913044	0.995652173913044	0.995652173913044	0.995652173913044	0.399589534782609
0.997245179063361	0.997245179063361	0.997245179063361	0.997245179063361	0.997245179063361	0.997245179063361	0.997245179063361	0.400509889807163
0.995614035087719	1	1	1	1	1	1	0.401528912280702
0.98936170212766	0.99468085106383	0.99468085106383	0.99468085106383	0.99468085106383	0.99468085106383	0.99468085106383	0.402442808510638
1	1	1	1	1	1	1	0.403553348623853
0.987755102040816	0.987755102040816	0.987755102040816	0.987755102040816	0.987755102040816	0.987755102040816	0.987755102040816	0.404428587755102
1	0.995535714285714	0.995535714285714	1	1	0.995535714285714	1	0.405480625
1	1	1	1	1	1	1	0.406504331606218
1	1	1	1	1	1	1	0.407540119834711
1	1	1	1	1	1	1	0.408460612903226
1	1	1	1	1	1	1	0.409445754491018
1	1	1	1	1	1	1	0.410490007092199
0.995708154506438	0.995708154506438	0.995708154506438	0.995708154506438	0.995708154506438	0.995708154506438	0.995708154506438	0.411457008583691
0.995024875621891	0.995024875621891	0.995024875621891	0.995024875621891	0.995024875621891	0.995024875621891	0.995024875621891	0.412435786069652
0.995	0.995	0.995	0.995	0.995	0.995	0.995	0.41352791
0.996153846153846	0.996153846153846	0.996153846153846	0.996153846153846	0.996153846153846	0.996153846153846	0.996153846153846	0.414539476923077
0.995169082125604	1	1	1	1	1	1	0.415512033816425
1	1	1	1	1	1	1	0.416518903743316
0.986607142857143	0.986607142857143	0.986607142857143	0.986607142857143	0.986607142857143	0.986607142857143	0.986607142857143	0.41745215625
1	1	1	1	1	1	1	0.418438994736842
0.99390243902439	0.99390243902439	0.99390243902439	0.99390243902439	0.99390243902439	0.99390243902439	0.99390243902439	0.419472493902439
0.987854251012146	0.987854251012146	0.987854251012146	0.987854251012146	0.987854251012146	0.987854251012146	0.987854251012146	0.42047516194332
1	1	1	1	1	1	1	0.421534711340206
1	1	1	1	1	1	1	0.422556174863388
1	1	1	1	1	1	1	0.423524446902655
1	1	1	1	1	1	1	0.424441964497041
1	1	1	1	1	1	1	0.425454081632653
0.995192307692308	1	1	1	1	1	1	0.426504120192308
1	1	1	1	1	1	1	0.427431094527363
1	1	1	1	1	1	1	0.428546071794872
1	1	1	1	1	1	1	0.429513950980392
1	1	1	1	1	1	1	0.430486872146119
1	1	1	1	1	1	1	0.431478148148148
1	1	1	1	1	1	1	0.432454978632479
0.996296296296296	0.996296296296296	0.996296296296296	0.996296296296296	0.996296296296296	0.996296296296296	0.996296296296296	0.433509440740741
0.995073891625616	0.995073891625616	0.995073891625616	0.995073891625616	0.995073891625616	0.995073891625616	0.995073891625616	0.434479896551724
1	1	1	1	1	1	1	0.435562680232558
0.993865030674847	0.993865030674847	0.993865030674847	0.993865030674847	0.993865030674847	0.993865030674847	0.993865030674847	0.436517625766871
1	1	1	1	1	1	1	0.437538782287823
1	1	1	1	1	1	1	0.438414625531915
0.995708154506438	1	1	1	1	1	1	0.439469416309013
1	1	1	1	1	1	1	0.44047343
1	1	1	1	1	1	1	0.441517290983607
1	1	1	1	1	1	1	0.442517313559322
1	1	1	1	1	1	1	0.443517070833333
1	1	1	1	1	1	1	0.444453628140703
0.993464052287582	0.993464052287582	0.993464052287582	0.993464052287582	0.993464052287582	0.993464052287582	0.993464052287582	0.445424209150327
1	1	1	1	1	1	1	0.446446573333333
0.994444444444444	0.994444444444444	0.994444444444444	0.994444444444444	0.994444444444444	0.994444444444444	0.994444444444444	0.447525222222222
1	1	1	1	1	1	1	0.448539191256831
0.989690721649485	0.989690721649485	0.984536082474227	0.984536082474227	0.984536082474227	0.984536082474227	0.984536082474227	0.449552283505155
1	1	1	1	1	1	1	0.450575383597884
1	1	1	1	1	0.996742671009772	1	0.451477055374593
1	1	1	1	1	1	1	0.452485290909091
1	1	1	1	1	1	1	0.453464859060403
1	1	1	1	1	1	1	0.454471467741935
1	1	1	1	1	1	1	0.455492179190751
0.995049504950495	0.995049504950495	1	0.995049504950495	0.995049504950495	0.995049504950495	0.995049504950495	0.456585346534653
0.995901639344262	0.995901639344262	0.995901639344262	0.995901639344262	0.995901639344262	0.995901639344262	0.995901639344262	0.457531442622951
1	1	1	1	1	1	1	0.458482389121339
0.995901639344262	0.995901639344262	1	1	1	1	1	0.459442827868852
0.995260663507109	1	1	1	1	1	0.995260663507109	0.460471848341232
1	1	1	1	1	1	1	0.461516240909091
0.996197718631179	0.996197718631179	0.996197718631179	0.996197718631179	0.996197718631179	0.996197718631179	0.996197718631179	0.462479874524715
1	1	1	1	1	1	1	0.463532583657588
1	1	1	1	1	1	1	0.464536904191617
0.988826815642458	0.988826815642458	0.988826815642458	0.988826815642458	0.988826815642458	0.988826815642458	0.988826815642458	0.465510960893855
1	1	1	1	1	1	1	0.466505884476534
1	1	1	1	1	1	1	0.467453274900398
0.996282527881041	0.996282527881041	0.996282527881041	0.996282527881041	0.996282527881041	0.996282527881041	0.996282527881041	0.468471847583643
1	1	1	1	1	1	1	0.469537112033195
1	1	1	1	1	1	1	0.47057312371134
1	1	1	1	1	1	1	0.471512187878788
1	1	1	1	1	1	1	0.472438449367089
0.994350282485876	0.994350282485876	0.994350282485876	0.994350282485876	0.994350282485876	0.994350282485876	0.994350282485876	0.47341486440678
0.995169082125604	0.995169082125604	0.995169082125604	0.995169082125604	0.995169082125604	0.995169082125604	0.995169082125604	0.474429913043478
1	1	1	1	1	1	1	0.475446394594595
0.994764397905759	0.994764397905759	0.994764397905759	0.994764397905759	0.994764397905759	0.994764397905759	0.994764397905759	0.476527151832461
1	1	1	1	1	1	1	0.477568913357401
0.99601593625498	0.99601593625498	0.99601593625498	0.99601593625498	0.99601593625498	0.99601593625498	0.99601593625498	0.478575549800797
0.996124031007752	0.996124031007752	0.996124031007752	0.996124031007752	0.996124031007752	0.996124031007752	0.996124031007752	0.479459554263566
1	1	1	1	1	1	1	0.480435725581395
1	1	1	1	1	1	1	0.481495854271357
1	1	1	1	1	1	1	0.482465461538462
0.995049504950495	0.995049504950495	0.995049504950495	0.995049504950495	0.995049504950495	0.995049504950495	0.995049504950495	0.483507331683168
0.993464052287582	0.993464052287582	0.993464052287582	0.993464052287582	0.993464052287582	0.993464052287582	0.993464052287582	0.48453260130719
0.983333333333333	0.983333333333333	0.983333333333333	0.983333333333333	0.983333333333333	0.983333333333333	0.983333333333333	0.4855895
1	1	1	1	1	1	1	0.486490416666667
0.9957805907173	0.9957805907173	0.9957805907173	0.9957805907173	0.9957805907173	0.9957805907173	0.9957805907173	0.487439540084388
0.979166666666667	0.989583333333333	0.989583333333333	0.989583333333333	0.989583333333333	0.989583333333333	0.989583333333333	0.488455786458333
1	1	1	1	1	1	1	0.489472341040462
1	1	1	1	1	1	1	0.490564841836735
1	1	1	1	1	1	1	0.491552532407407
1	1	1	1	1	1	1	0.492552870445344
1	1	1	1	1	1	1	0.493420096938776
1	1	1	1	1	1	1	0.494473165048544
0.991935483870968	0.991935483870968	0.991935483870968	0.991935483870968	0.991935483870968	0.991935483870968	0.991935483870968	0.495480423387097
1	1	1	1	1	1	1	0.496538681564246
1	1	1	1	1	1	1	0.497454761565836
0.985714285714286	0.985714285714286	0.985714285714286	0.985714285714286	0.985714285714286	0.985714285714286	0.985714285714286	0.498626580952381
0.99537037037037	0.99537037037037	0.99537037037037	0.99537037037037	0.99537037037037	0.99537037037037	0.99537037037037	0.499585046296296
