n100	n200	n300	n400	n500	n1000	n2000	MAF
0.504213055395756	0.496280588373893	0.494705504245746	0.491365617924369	0.487648271433882	0.473853118032565	0.455476222551529	0.000205850603453499
0.842449521281638	0.805318754633062	0.810015145778114	0.797202797202797	0.785262163438828	0.736728770714353	0.662494204914233	0.000411706591085989
0.914129470883831	0.87683369644154	0.869296438033559	0.854062775007334	0.839835728952772	0.78352016305139	0.706463326071169	0.000617551312999274
0.937697160883281	0.88974408312488	0.889718891291527	0.872352941176471	0.855912294440094	0.782482598607889	0.723686742351357	0.000823384427746777
0.93489442338928	0.877524259113559	0.878440366972477	0.857123655913979	0.838900067069081	0.775984251968504	0.756359821662733	0.00112038925517965
0.936425061425061	0.884592145015106	0.874885004599816	0.853733170134639	0.839547677261614	0.799032940465397	0.802719033232628	0.00144093958610272
0.941644562334218	0.899375205524499	0.882897783658617	0.865213082259663	0.849274406332454	0.812890496547188	0.827359421243012	0.00164678244985202
0.938864628820961	0.889285714285714	0.878579195360638	0.858849077090119	0.844846292947559	0.812075741336192	0.826071428571429	0.00185263409285714
0.92339968774395	0.872909055950779	0.853191489361702	0.841207096027767	0.831903614457831	0.826939717334872	0.844356854451067	0.0024372259527014
0.917112299465241	0.872132809529844	0.858629441624365	0.848903536569907	0.847294386009378	0.861487770878216	0.885946014446838	0.00347288889874541
0.916360734237829	0.871013577518156	0.862673830594185	0.85499921023535	0.857842362975833	0.875592042942848	0.893905904641617	0.00451003573886959
0.923358938547486	0.877959610027855	0.870776732845698	0.872388579387187	0.875696378830084	0.896935933147632	0.914345403899721	0.00555075191155989
0.912310286677909	0.874843292937735	0.871473354231975	0.881738403677392	0.885708315921438	0.909945674885081	0.921019640618471	0.00657727260760552
0.899002116722105	0.861788617886179	0.875940981632039	0.883769948810599	0.889792231255646	0.905149051490515	0.915688045769347	0.00750436992773261
0.895977808599168	0.862316837157866	0.871163948023224	0.880011058888582	0.896322919546586	0.91152889134642	0.931711363008018	0.00841418447884988
0.911269614835949	0.897042093287827	0.91325369738339	0.919510807736064	0.927474402730375	0.938566552901024	0.951365187713311	0.00946972193970421
0.911904761904762	0.896223609872138	0.912578055307761	0.916146297948261	0.927445732976509	0.941123996431757	0.949449895926256	0.010493095896521
0.919931856899489	0.917602996254682	0.930200885257065	0.939053455907389	0.946203609124957	0.956758597208035	0.964249233912155	0.0115146549880831
0.91171875	0.906677079265912	0.916829363529871	0.923857868020305	0.936352987114408	0.944943381491605	0.959390862944162	0.0125511105037095
0.909701805963881	0.919781604367913	0.935321293574129	0.947081058378832	0.950020999580008	0.963880722385552	0.97060058798824	0.0135747727425451
0.912863070539419	0.918610679108346	0.930015552099533	0.941938828408502	0.94556765163297	0.952306894764126	0.956972524624158	0.0145070851736651
0.916585365853659	0.922439024390244	0.939024390243902	0.945365853658537	0.949756097560976	0.956585365853658	0.957560975609756	0.0154395494146341
0.934065934065934	0.934100418410042	0.949790794979079	0.955543933054393	0.957635983263598	0.968096234309623	0.973849372384937	0.0164532911610879
0.922077922077922	0.935596605092361	0.952071892161757	0.962556165751373	0.965551672491263	0.969545681477783	0.975037443834249	0.0174969950574139
0.918343875790684	0.941379310344828	0.952873563218391	0.956896551724138	0.958620689655172	0.966666666666667	0.971264367816092	0.0185047081609195
0.941474395047833	0.961170512099043	0.963421496904896	0.966235227912212	0.969048958919527	0.979178390545864	0.977490151941474	0.0195386285312324
0.948460087994972	0.956631049654305	0.966059082338152	0.964802011313639	0.97171590194846	0.973601508485229	0.976744186046512	0.0205878096165933
0.954204204204204	0.959459459459459	0.965465465465465	0.963963963963964	0.971471471471472	0.972222222222222	0.974474474474474	0.0215360733483483
0.937623112278398	0.955351280367695	0.961917268548917	0.966513460275771	0.966513460275771	0.970453053184504	0.973079448456993	0.0224291207485227
0.954404945904173	0.969088098918083	0.973724884080371	0.979134466769706	0.980680061823802	0.978361669242658	0.976816074188563	0.0234751716383308
0.940143655227454	0.953711093375898	0.962490023942538	0.967278531524342	0.970470869912211	0.966480446927374	0.971268954509178	0.0244773976855547
0.943975441289332	0.960092095165004	0.967766692248657	0.973906369915579	0.97544128933231	0.976976208749041	0.980813507290867	0.0255390643131236
0.95906432748538	0.971619365609349	0.973288814691152	0.979131886477462	0.979966611018364	0.981636060100167	0.984140233722871	0.0265195561769616
0.957913998170174	0.960658737419945	0.970722781335773	0.973467520585544	0.977127172918573	0.978956999085087	0.982616651418115	0.0275966593778591
0.977421704297159	0.985433357611071	0.983976693372178	0.985433357611071	0.986890021849964	0.989075018208303	0.989803350327749	0.028521556372906
0.969255663430421	0.977346278317152	0.978155339805825	0.98705501618123	0.986245954692557	0.985436893203884	0.985436893203884	0.0294420176375405
0.967418546365915	0.974101921470342	0.974101921470342	0.974937343358396	0.97827903091061	0.979949874686717	0.983291562238931	0.0304196512949039
0.978599221789883	0.979571984435798	0.983463035019455	0.987354085603113	0.989299610894942	0.990272373540856	0.988326848249027	0.0314956403696498
0.965589155370177	0.977083333333333	0.978125	0.978125	0.982291666666667	0.982291666666667	0.98125	0.0325085441666667
0.973952434881087	0.98074745186863	0.987542468856172	0.988674971687429	0.986409966024915	0.986409966024915	0.986409966024915	0.0335555934314836
0.978723404255319	0.981762917933131	0.986828774062817	0.989868287740628	0.991894630192503	0.988855116514691	0.99290780141844	0.0345928960486322
0.970705725699068	0.978695073235686	0.982689747003995	0.981358189081225	0.982689747003995	0.985352862849534	0.989347536617843	0.0355115117177097
0.978823529411765	0.988235294117647	0.992941176470588	0.995294117647059	0.991764705882353	0.991764705882353	0.995294117647059	0.0364390558823529
0.988505747126437	0.986206896551724	0.990804597701149	0.991954022988506	0.994252873563218	0.985057471264368	0.991954022988506	0.0374319249425287
0.9732868757259	0.981416957026713	0.986062717770035	0.986062717770035	0.983739837398374	0.984901277584204	0.989547038327526	0.0384738102206736
0.968586387434555	0.979057591623037	0.981675392670157	0.986910994764398	0.988219895287958	0.982984293193717	0.988219895287958	0.0394877272251309
0.97432239657632	0.980028530670471	0.984308131241084	0.991440798858773	0.984308131241084	0.990014265335235	0.98716119828816	0.0405821452211127
0.980440097799511	0.986552567237164	0.990220048899755	0.991442542787286	0.991442542787286	0.993887530562347	0.996332518337408	0.0415624497555012
0.988173455978975	0.992115637319317	0.992115637319317	0.993429697766097	0.994743758212878	0.994743758212878	0.994743758212878	0.0425071103810775
0.980416156670747	0.98531211750306	0.987760097919217	0.987760097919217	0.991432068543452	0.991432068543452	0.996328029375765	0.0434153187270502
0.967130214917826	0.981036662452592	0.978508217446271	0.986093552465234	0.984829329962073	0.988621997471555	0.989886219974716	0.0444852312262958
0.972375690607735	0.984806629834254	0.988950276243094	0.988950276243094	0.994475138121547	0.986187845303867	0.990331491712707	0.045476989640884
0.986702127659574	0.992021276595745	0.990691489361702	0.98936170212766	0.990691489361702	0.992021276595745	0.992021276595745	0.04651575
0.995481927710843	0.993975903614458	0.993975903614458	0.995481927710843	0.995481927710843	0.998493975903614	0.995481927710843	0.0475356602409639
0.990223463687151	0.988826815642458	0.991620111731844	0.990223463687151	0.987430167597765	0.994413407821229	0.993016759776536	0.0485388965083799
0.986899563318777	0.986899563318777	0.993449781659389	0.993449781659389	0.993449781659389	0.993449781659389	0.995633187772926	0.0495182602620087
0.988652482269504	0.988652482269504	0.991489361702128	0.988652482269504	0.990070921985816	0.991489361702128	0.988652482269504	0.0504346185815603
0.991364421416235	0.998272884283247	0.998272884283247	0.994818652849741	0.994818652849741	0.994818652849741	0.996545768566494	0.0514601119170984
0.989071038251366	0.986338797814208	0.993169398907104	0.994535519125683	0.993169398907104	0.991803278688525	0.994535519125683	0.0524656924863388
0.998407643312102	0.996815286624204	0.998407643312102	0.998407643312102	0.998407643312102	1	1	0.0535435342356688
0.975369458128079	0.972085385878489	0.977011494252874	0.980295566502463	0.985221674876847	0.978653530377668	0.985221674876847	0.0545574830870279
0.988175675675676	0.991554054054054	0.989864864864865	0.989864864864865	0.989864864864865	0.991554054054054	0.989864864864865	0.0555840195945946
0.987341772151899	0.991561181434599	0.987341772151899	0.987341772151899	0.991561181434599	0.989451476793249	0.987341772151899	0.0565053767932489
0.99601593625498	0.99601593625498	0.99601593625498	0.99800796812749	0.99800796812749	0.99601593625498	0.99402390438247	0.0574062123505976
1	0.997933884297521	1	0.997933884297521	0.997933884297521	0.997933884297521	0.995867768595041	0.0584892946280992
0.996323529411765	0.992647058823529	0.996323529411765	0.996323529411765	0.996323529411765	0.998161764705882	0.996323529411765	0.0594481180147059
0.985049833887043	0.990033222591362	0.991694352159468	0.993355481727575	0.991694352159468	0.988372093023256	0.990033222591362	0.0605063521594684
0.993055555555556	0.996527777777778	0.994791666666667	0.996527777777778	0.994791666666667	0.994791666666667	0.996527777777778	0.0615421298611111
0.992555831265509	0.993796526054591	0.992555831265509	0.993796526054591	0.996277915632754	0.995037220843672	0.995037220843672	0.0625301725806452
0.992292870905588	0.994219653179191	0.998073217726397	0.998073217726397	0.998073217726397	1	1	0.0634674832369942
0.993951612903226	0.993951612903226	0.993951612903226	0.993951612903226	0.991935483870968	0.991935483870968	0.991935483870968	0.0644387461693548
0.987037037037037	0.987037037037037	0.985185185185185	0.987037037037037	0.987037037037037	0.988888888888889	0.983333333333333	0.0654412703703704
0.98972602739726	0.998287671232877	0.996575342465753	0.996575342465753	0.99486301369863	0.996575342465753	0.99486301369863	0.0665280844178082
0.995192307692308	0.993589743589744	0.993589743589744	0.996794871794872	0.996794871794872	0.996794871794872	0.995192307692308	0.0674869636217949
0.993569131832797	0.995176848874598	0.996784565916399	0.996784565916399	0.996784565916399	0.998392282958199	0.998392282958199	0.0684789662379421
0.993449781659389	0.997816593886463	0.993449781659389	0.991266375545852	0.991266375545852	0.991266375545852	0.991266375545852	0.0695828890829694
0.997282608695652	0.994565217391304	0.994565217391304	0.991847826086957	0.994565217391304	0.991847826086957	0.991847826086957	0.0705021445652174
0.992537313432836	0.996268656716418	0.992537313432836	0.994402985074627	0.994402985074627	0.996268656716418	0.994402985074627	0.0714555151119403
0.988785046728972	0.986915887850467	0.988785046728972	0.988785046728972	0.988785046728972	0.986915887850467	0.988785046728972	0.0724675938317757
0.991208791208791	0.995604395604396	0.997802197802198	0.997802197802198	0.997802197802198	0.997802197802198	0.995604395604396	0.0734355087912088
0.990267639902676	0.992700729927007	0.995133819951338	0.995133819951338	0.995133819951338	0.995133819951338	0.995133819951338	0.074532896350365
0.996497373029772	0.994746059544658	0.998248686514886	0.998248686514886	0.998248686514886	0.998248686514886	0.998248686514886	0.0755535623467601
0.995584988962472	0.995584988962472	0.997792494481236	0.997792494481236	0.997792494481236	0.997792494481236	0.995584988962472	0.0765666565121413
0.994594594594595	0.997297297297297	0.997297297297297	0.997297297297297	0.997297297297297	0.997297297297297	0.997297297297297	0.0775048186486487
0.996153846153846	0.996153846153846	0.996153846153846	0.996153846153846	0.998076923076923	0.996153846153846	0.996153846153846	0.0784785236538462
0.998058252427184	0.996116504854369	0.998058252427184	0.998058252427184	0.998058252427184	0.996116504854369	0.996116504854369	0.0794341165048544
0.995271867612293	0.995271867612293	0.997635933806147	0.997635933806147	0.997635933806147	0.997635933806147	0.997635933806147	0.0804824846335697
0.986754966887417	0.984547461368653	0.988962472406181	0.988962472406181	0.991169977924945	0.988962472406181	0.988962472406181	0.0815134856512141
0.997695852534562	1	0.995391705069124	1	0.997695852534562	1	0.997695852534562	0.082595629953917
0.991273996509599	0.991273996509599	0.993019197207679	0.993019197207679	0.991273996509599	0.993019197207679	0.993019197207679	0.0836078471204188
0.997899159663866	1	0.997899159663866	0.997899159663866	0.997899159663866	0.997899159663866	1	0.0845006296218487
0.996039603960396	0.998019801980198	0.998019801980198	0.996039603960396	0.998019801980198	0.998019801980198	0.996039603960396	0.0854236794059406
1	1	1	1	1	1	1	0.0864373589322382
1	1	1	1	1	1	1	0.0875300623445826
0.996268656716418	0.996268656716418	0.996268656716418	0.996268656716418	0.996268656716418	0.996268656716418	0.996268656716418	0.0884856929104478
0.988009592326139	0.985611510791367	0.988009592326139	0.990407673860911	0.992805755395683	0.992805755395683	0.992805755395683	0.0894934199040767
0.99290780141844	0.99290780141844	0.99290780141844	0.99468085106383	0.99468085106383	0.99468085106383	0.99468085106383	0.0906216232269504
0.991525423728814	0.991525423728814	0.994350282485876	0.997175141242938	0.994350282485876	0.994350282485876	0.997175141242938	0.0915022056497175
0.992167101827676	1	1	1	1	1	1	0.0924319981723238
0.990791896869245	0.992633517495396	0.992633517495396	0.990791896869245	0.992633517495396	0.992633517495396	0.992633517495396	0.0934566300184162
0.997777777777778	0.995555555555556	0.997777777777778	0.997777777777778	0.997777777777778	0.997777777777778	0.997777777777778	0.0944916295555556
0.990867579908676	0.990867579908676	0.990867579908676	0.990867579908676	0.993150684931507	0.993150684931507	0.993150684931507	0.0954743143835616
0.997752808988764	0.997752808988764	1	1	1	1	0.997752808988764	0.0965163173033708
0.993212669683258	0.995475113122172	0.995475113122172	0.995475113122172	0.995475113122172	0.995475113122172	0.995475113122172	0.0975505285067873
1	1	1	1	1	1	1	0.0984866878980892
0.997214484679666	0.997214484679666	0.997214484679666	0.997214484679666	0.997214484679666	0.997214484679666	0.997214484679666	0.0994261389972145
0.994661921708185	0.99644128113879	0.99644128113879	0.99644128113879	0.99644128113879	0.99644128113879	0.99644128113879	0.100488115658363
0.997014925373134	1	1	1	1	1	1	0.10142223880597
0.995348837209302	0.995348837209302	0.997674418604651	0.995348837209302	0.995348837209302	0.993023255813953	0.995348837209302	0.102496751162791
0.983050847457627	0.991525423728814	0.991525423728814	0.991525423728814	0.991525423728814	0.991525423728814	0.991525423728814	0.103502717514124
0.995359628770302	0.995359628770302	0.995359628770302	0.995359628770302	0.995359628770302	0.995359628770302	0.995359628770302	0.104579480278422
0.993127147766323	0.993127147766323	0.993127147766323	0.993127147766323	0.993127147766323	0.993127147766323	0.993127147766323	0.10545887628866
0.988732394366197	0.991549295774648	0.988732394366197	0.988732394366197	0.988732394366197	0.988732394366197	0.985915492957746	0.106475966197183
0.992292870905588	0.994219653179191	0.990366088631985	0.992292870905588	0.992292870905588	0.990366088631985	0.990366088631985	0.10740767822736
1	1	1	0.997506234413965	0.997506234413965	0.997506234413965	1	0.108468331670823
0.994301994301994	0.994301994301994	0.994301994301994	0.994301994301994	0.994301994301994	0.994301994301994	0.994301994301994	0.109488492877493
0.995359628770302	0.995359628770302	0.995359628770302	0.995359628770302	0.995359628770302	0.995359628770302	0.995359628770302	0.110526979118329
0.997938144329897	0.997938144329897	0.997938144329897	0.997938144329897	0.997938144329897	0.997938144329897	0.997938144329897	0.111547367010309
0.996815286624204	1	1	1	1	1	1	0.112489124203822
0.998003992015968	0.998003992015968	0.998003992015968	0.998003992015968	0.998003992015968	0.998003992015968	0.998003992015968	0.113382351297405
1	1	1	1	1	1	1	0.1144616625
1	1	1	1	1	1	1	0.115496177464789
0.986928104575163	0.989106753812636	0.989106753812636	0.989106753812636	0.989106753812636	0.989106753812636	0.986928104575163	0.116537348583878
0.995735607675906	0.993603411513859	0.995735607675906	0.995735607675906	0.995735607675906	0.993603411513859	0.993603411513859	0.117542597014925
0.997635933806147	0.997635933806147	1	1	1	1	1	0.118560510638298
0.996240601503759	0.992481203007519	0.992481203007519	0.992481203007519	0.992481203007519	0.996240601503759	0.996240601503759	0.119507733082707
0.997229916897507	0.997229916897507	0.997229916897507	0.997229916897507	0.997229916897507	0.997229916897507	0.997229916897507	0.120431232686981
0.997555012224939	0.997555012224939	0.997555012224939	0.997555012224939	0.997555012224939	0.997555012224939	0.997555012224939	0.121461427872861
0.997448979591837	0.997448979591837	0.997448979591837	0.997448979591837	1	1	1	0.122423142857143
0.993265993265993	0.993265993265993	0.993265993265993	0.993265993265993	0.993265993265993	0.993265993265993	0.993265993265993	0.123559696969697
0.994550408719346	0.994550408719346	0.994550408719346	0.997275204359673	0.997275204359673	0.994550408719346	0.997275204359673	0.124553098092643
0.987096774193548	0.990322580645161	0.990322580645161	0.990322580645161	0.990322580645161	0.990322580645161	0.990322580645161	0.125534612903226
0.991189427312775	0.991189427312775	0.991189427312775	0.995594713656388	0.995594713656388	0.995594713656388	0.995594713656388	0.126484343612335
0.994736842105263	0.994736842105263	0.997368421052632	0.997368421052632	0.997368421052632	0.997368421052632	1	0.127438863157895
0.988826815642458	0.988826815642458	0.988826815642458	0.991620111731844	0.988826815642458	0.991620111731844	0.991620111731844	0.128414840782123
0.992555831265509	0.992555831265509	0.995037220843672	0.995037220843672	0.995037220843672	0.995037220843672	0.995037220843672	0.129459392059553
0.992021276595745	0.992021276595745	0.992021276595745	0.992021276595745	0.992021276595745	0.992021276595745	0.992021276595745	0.130485781914894
0.997524752475248	0.997524752475248	0.997524752475248	0.997524752475248	0.997524752475248	0.997524752475248	0.997524752475248	0.131553616336634
1	1	1	1	1	1	1	0.132543730407524
1	1	1	1	1	1	1	0.13350637716263
0.997032640949555	0.997032640949555	0.997032640949555	0.997032640949555	0.997032640949555	0.997032640949555	0.997032640949555	0.13435806231454
0.994029850746269	1	1	1	1	1	1	0.135416444776119
1	1	1	1	1	1	1	0.136451744262295
0.991489361702128	0.991489361702128	0.991489361702128	0.991489361702128	0.991489361702128	0.991489361702128	0.991489361702128	0.137471931914894
0.9921875	1	1	1	1	1	1	0.13857315234375
0.996951219512195	0.99390243902439	0.99390243902439	0.996951219512195	0.996951219512195	0.996951219512195	0.996951219512195	0.139570862804878
1	1	1	1	1	1	1	0.140442474789916
0.997389033942559	0.997389033942559	0.997389033942559	0.997389033942559	0.997389033942559	0.997389033942559	0.997389033942559	0.141488519582245
0.98932384341637	0.99288256227758	0.99288256227758	0.99644128113879	0.99644128113879	1	1	0.142423017793594
0.996932515337423	0.996932515337423	0.996932515337423	1	1	1	0.996932515337423	0.143450180981595
1	1	1	1	1	1	1	0.144529739549839
0.993103448275862	1	0.996551724137931	1	1	1	1	0.145521772413793
1	1	1	1	1	1	1	0.146589578431373
0.994535519125683	0.989071038251366	0.994535519125683	0.994535519125683	0.994535519125683	0.994535519125683	0.994535519125683	0.147490967213115
0.996904024767802	0.993808049535604	0.990712074303406	0.993808049535604	0.993808049535604	0.993808049535604	0.993808049535604	0.148399362229102
0.994791666666667	0.984375	0.984375	0.994791666666667	0.994791666666667	0.994791666666667	0.994791666666667	0.149485880208333
0.991379310344828	0.991379310344828	0.991379310344828	0.991379310344828	0.991379310344828	0.991379310344828	0.991379310344828	0.150484922413793
0.997159090909091	0.994318181818182	0.994318181818182	0.997159090909091	0.997159090909091	0.997159090909091	0.997159090909091	0.151519053977273
0.996376811594203	0.996376811594203	0.996376811594203	1	1	1	1	0.152542387681159
0.996491228070175	0.996491228070175	0.996491228070175	0.996491228070175	0.996491228070175	0.996491228070175	1	0.153615656140351
0.99645390070922	0.99645390070922	0.99645390070922	0.99645390070922	0.99645390070922	0.99645390070922	0.99645390070922	0.15450220212766
0.994269340974212	0.994269340974212	0.997134670487106	0.997134670487106	0.997134670487106	1	1	0.155376550143266
0.992779783393502	0.992779783393502	0.992779783393502	0.992779783393502	0.992779783393502	0.996389891696751	0.996389891696751	0.15647559566787
0.988980716253444	0.991735537190083	0.994490358126722	0.991735537190083	0.991735537190083	0.994490358126722	0.994490358126722	0.15746479338843
1	1	1	1	1	1	1	0.15853981595092
1	1	1	1	1	1	1	0.159563594594595
1	1	1	1	1	1	1	0.16060524
1	0.996212121212121	1	0.996212121212121	0.996212121212121	0.996212121212121	0.996212121212121	0.161487465909091
0.997872340425532	0.997872340425532	0.997872340425532	0.997872340425532	0.997872340425532	0.997872340425532	0.997872340425532	0.162392589361702
1	1	1	1	1	1	1	0.163410226708075
1	1	1	1	1	1	1	0.164403223728814
0.996478873239437	0.996478873239437	0.996478873239437	0.996478873239437	0.996478873239437	0.996478873239437	0.996478873239437	0.165510774647887
0.996428571428571	0.996428571428571	0.996428571428571	0.996428571428571	0.996428571428571	0.996428571428571	0.996428571428571	0.166546032142857
0.991044776119403	0.994029850746269	0.994029850746269	0.994029850746269	0.994029850746269	0.994029850746269	0.994029850746269	0.167596614925373
0.996503496503496	0.996503496503496	0.996503496503496	0.996503496503496	0.996503496503496	0.996503496503496	0.996503496503496	0.168512874125874
0.990476190476191	1	1	1	1	1	1	0.169475833333333
1	1	1	1	1	1	1	0.170436938271605
0.989795918367347	1	1	1	1	1	1	0.171496428571429
0.986394557823129	0.982993197278912	0.986394557823129	0.986394557823129	0.986394557823129	0.986394557823129	0.986394557823129	0.172467
0.996124031007752	0.996124031007752	0.996124031007752	0.996124031007752	0.996124031007752	0.996124031007752	0.996124031007752	0.173546596899225
1	1	1	1	1	1	1	0.174558456140351
0.994638069705094	0.994638069705094	0.994638069705094	0.994638069705094	0.994638069705094	0.994638069705094	0.994638069705094	0.175600136729223
0.996774193548387	0.996774193548387	0.996774193548387	0.996774193548387	0.996774193548387	0.996774193548387	0.996774193548387	0.17649314516129
1	1	1	1	1	1	1	0.177432139158576
1	1	1	1	1	1	1	0.178468313793103
0.994428969359331	0.994428969359331	0.994428969359331	0.994428969359331	0.994428969359331	0.994428969359331	0.994428969359331	0.179525994428969
1	1	1	1	1	1	1	0.180489081534772
1	1	1	1	1	1	1	0.181590175925926
1	1	1	1	1	1	1	0.182560803076923
0.996587030716723	0.996587030716723	0.996587030716723	0.996587030716723	0.996587030716723	0.996587030716723	0.996587030716723	0.183542225255973
1	1	1	1	1	1	0.99685534591195	0.184383006289308
0.99601593625498	0.99601593625498	0.99601593625498	0.99601593625498	0.99601593625498	0.99601593625498	0.99601593625498	0.185497418326693
0.991803278688525	0.991803278688525	0.991803278688525	0.991803278688525	0.991803278688525	0.991803278688525	0.991803278688525	0.186507266393443
0.99537037037037	0.99537037037037	0.997685185185185	0.997685185185185	0.997685185185185	0.997685185185185	0.99537037037037	0.187541525462963
1	1	1	1	1	1	1	0.188584025936599
0.99390243902439	0.990853658536585	0.990853658536585	0.990853658536585	0.990853658536585	0.990853658536585	0.990853658536585	0.189551125
1	1	1	1	1	1	1	0.190544568075117
1	1	1	1	1	1	1	0.191422005763689
1	1	1	1	1	1	1	0.192511308383234
1	1	1	1	1	1	1	0.193457211604096
0.996240601503759	0.996240601503759	0.996240601503759	0.996240601503759	0.996240601503759	0.996240601503759	0.996240601503759	0.194545714285714
1	1	1	1	1	1	1	0.195567594017094
0.996240601503759	0.996240601503759	0.996240601503759	0.996240601503759	0.996240601503759	0.996240601503759	0.996240601503759	0.196638898496241
1	1	1	1	1	1	1	0.197526098540146
0.996710526315789	1	1	1	1	1	1	0.198423805921053
1	1	1	1	1	1	1	0.199459246621622
0.99601593625498	1	1	1	1	1	1	0.200544721115538
0.994186046511628	0.994186046511628	0.994186046511628	0.994186046511628	0.994186046511628	0.994186046511628	0.994186046511628	0.201491938953488
0.997014925373134	0.997014925373134	0.997014925373134	0.997014925373134	0.997014925373134	0.997014925373134	0.997014925373134	0.202528731343284
0.997041420118343	0.997041420118343	0.997041420118343	0.997041420118343	0.997041420118343	0.997041420118343	0.997041420118343	0.203591926035503
0.996402877697842	0.996402877697842	0.996402877697842	0.996402877697842	0.996402877697842	0.996402877697842	0.996402877697842	0.204536629496403
0.996621621621622	0.996621621621622	0.996621621621622	0.996621621621622	0.996621621621622	0.996621621621622	0.996621621621622	0.205489952702703
1	1	1	1	1	1	1	0.206443081168831
1	1	1	1	1	1	1	0.20748953525641
0.993079584775087	0.996539792387543	0.996539792387543	0.996539792387543	0.996539792387543	0.996539792387543	0.996539792387543	0.208502519031142
1	1	1	1	1	1	1	0.209549123745819
0.996932515337423	0.996932515337423	0.996932515337423	0.996932515337423	0.996932515337423	0.996932515337423	0.996932515337423	0.210590613496933
1	1	1	1	1	1	1	0.211503290322581
1	1	1	0.996503496503496	0.996503496503496	1	0.996503496503496	0.212430716783217
0.995867768595041	0.991735537190083	0.995867768595041	0.991735537190083	0.991735537190083	0.991735537190083	0.991735537190083	0.213456136363636
0.992156862745098	0.992156862745098	0.992156862745098	0.992156862745098	0.992156862745098	0.992156862745098	0.992156862745098	0.21451002745098
1	0.996610169491525	1	1	1	1	1	0.215535681355932
0.996784565916399	0.996784565916399	0.996784565916399	0.996784565916399	0.996784565916399	0.996784565916399	0.996784565916399	0.21653940192926
1	1	1	1	1	1	1	0.217607026865672
1	1	1	1	1	1	1	0.218537691011236
1	1	1	1	1	1	1	0.21943792
0.991803278688525	0.995901639344262	0.995901639344262	0.995901639344262	0.995901639344262	0.995901639344262	0.995901639344262	0.220446549180328
0.99672131147541	0.99672131147541	0.99672131147541	0.99672131147541	0.99672131147541	0.99672131147541	0.99672131147541	0.221457432786885
1	1	1	1	1	1	1	0.222550059190031
0.996666666666667	0.996666666666667	0.996666666666667	0.996666666666667	0.996666666666667	0.996666666666667	0.996666666666667	0.22349538
1	1	1	1	1	1	1	0.22459626984127
0.995121951219512	0.995121951219512	0.995121951219512	0.995121951219512	0.995121951219512	0.995121951219512	0.995121951219512	0.2255062
0.993730407523511	0.993730407523511	0.993730407523511	0.993730407523511	0.993730407523511	0.993730407523511	0.993730407523511	0.226489890282132
0.98728813559322	0.991525423728814	0.991525423728814	0.991525423728814	0.991525423728814	0.991525423728814	0.991525423728814	0.227461504237288
1	1	1	1	1	1	1	0.228507728624535
1	1	1	1	1	1	1	0.229535366459627
1	1	1	1	1	1	1	0.230505033444816
1	1	1	1	1	1	1	0.231554871794872
0.994350282485876	1	0.994350282485876	0.994350282485876	1	1	1	0.232483175141243
1	0.99609375	0.99609375	0.99609375	0.99609375	1	1	0.2334248828125
0.995726495726496	0.995726495726496	0.995726495726496	0.995726495726496	0.995726495726496	0.995726495726496	0.995726495726496	0.234451508547009
0.995652173913044	1	1	1	1	1	1	0.235496008695652
0.996610169491525	0.993220338983051	0.993220338983051	0.993220338983051	0.993220338983051	0.993220338983051	0.993220338983051	0.23651380338983
0.995555555555556	0.995555555555556	0.995555555555556	0.995555555555556	0.995555555555556	0.995555555555556	0.995555555555556	0.237536493333333
0.993103448275862	0.993103448275862	0.996551724137931	0.996551724137931	0.996551724137931	0.996551724137931	0.996551724137931	0.238609586206897
0.995121951219512	0.995121951219512	0.995121951219512	0.995121951219512	0.995121951219512	0.995121951219512	0.995121951219512	0.239506219512195
0.995918367346939	0.995918367346939	0.995918367346939	0.995918367346939	0.995918367346939	0.995918367346939	0.995918367346939	0.240416914285714
0.997109826589595	0.997109826589595	0.997109826589595	0.997109826589595	0.997109826589595	0.997109826589595	0.997109826589595	0.241463317919075
0.996268656716418	0.996268656716418	0.996268656716418	0.996268656716418	0.996268656716418	0.996268656716418	0.996268656716418	0.242478287313433
1	0.995049504950495	0.995049504950495	0.995049504950495	0.995049504950495	1	1	0.243525400990099
1	1	1	1	1	1	1	0.244439870646766
1	1	1	1	1	1	1	0.245580737967914
0.995798319327731	1	1	1	1	1	1	0.24653318487395
0.995689655172414	0.995689655172414	0.995689655172414	0.995689655172414	0.995689655172414	0.995689655172414	0.995689655172414	0.247426525862069
0.996466431095406	0.996466431095406	1	1	1	1	1	0.248472363957597
1	1	1	1	1	1	1	0.249495741312741
1	1	1	1	1	1	1	0.250504158536585
0.996	0.996	0.992	0.992	0.996	0.996	0.996	0.25148138
0.992779783393502	0.992779783393502	0.992779783393502	0.992779783393502	0.992779783393502	0.992779783393502	0.992779783393502	0.252514631768953
0.995260663507109	0.995260663507109	0.995260663507109	0.995260663507109	0.995260663507109	0.995260663507109	0.995260663507109	0.253485118483412
1	1	1	1	1	1	1	0.254428308943089
0.996062992125984	0.996062992125984	0.996062992125984	0.996062992125984	0.996062992125984	0.996062992125984	0.996062992125984	0.255458673228346
0.996062992125984	0.996062992125984	0.996062992125984	0.996062992125984	0.996062992125984	0.996062992125984	0.996062992125984	0.256501031496063
0.996268656716418	0.996268656716418	0.996268656716418	0.996268656716418	0.996268656716418	0.996268656716418	0.996268656716418	0.257520018656716
1	1	1	1	1	1	1	0.258565714801444
1	1	1	1	1	1	1	0.259553351851852
0.994475138121547	0.988950276243094	0.988950276243094	0.988950276243094	0.988950276243094	0.988950276243094	0.988950276243094	0.260519751381215
1	1	1	1	1	1	1	0.261479939622641
0.995798319327731	0.995798319327731	0.995798319327731	1	1	1	1	0.262488831932773
1	0.996078431372549	0.996078431372549	1	0.996078431372549	1	1	0.263461996078431
0.996527777777778	0.996527777777778	0.996527777777778	0.996527777777778	0.996527777777778	0.996527777777778	0.996527777777778	0.264549951388889
0.995918367346939	0.995918367346939	1	1	1	1	1	0.265572436734694
1	1	1	1	1	1	1	0.266544074380165
0.988095238095238	0.988095238095238	0.988095238095238	0.988095238095238	0.988095238095238	0.988095238095238	0.988095238095238	0.267513761904762
1	1	1	1	1	1	1	0.268446412429379
0.995283018867924	0.995283018867924	0.995283018867924	0.995283018867924	0.995283018867924	0.995283018867924	0.995283018867924	0.269476466981132
1	1	1	1	1	1	1	0.270515314285714
0.99644128113879	0.99644128113879	0.99644128113879	0.99644128113879	0.99644128113879	0.99644128113879	0.99644128113879	0.27149653024911
0.996062992125984	0.996062992125984	0.996062992125984	0.996062992125984	0.996062992125984	0.996062992125984	0.996062992125984	0.272521862204724
1	1	1	1	1	1	1	0.273545653429603
0.99468085106383	0.99468085106383	0.99468085106383	1	0.99468085106383	0.99468085106383	1	0.274493590425532
0.990654205607477	0.990654205607477	0.985981308411215	0.985981308411215	0.985981308411215	0.985981308411215	0.985981308411215	0.275437495327103
1	1	1	1	1	1	1	0.276389571428571
1	1	1	1	1	1	1	0.277464578125
0.99644128113879	0.99644128113879	0.99288256227758	0.99288256227758	0.99644128113879	0.99644128113879	0.99288256227758	0.278540024911032
1	1	1	1	1	1	1	0.279512168269231
0.996845425867508	0.996845425867508	0.996845425867508	1	1	1	1	0.280583394321767
1	1	1	1	1	1	1	0.28146480334728
0.992	0.992	0.992	0.992	0.992	0.992	0.992	0.282387256
1	1	1	1	1	1	1	0.283450995744681
1	1	1	1	1	1	1	0.284462271604938
0.996363636363636	0.996363636363636	0.996363636363636	0.996363636363636	0.996363636363636	0.996363636363636	0.996363636363636	0.285536072727273
0.995850622406639	1	1	1	1	1	1	0.286506904564315
1	1	1	1	1	1	1	0.2876036
1	1	1	1	1	1	1	0.288490813432836
1	1	1	1	1	1	1	0.289466360655738
1	1	1	1	1	1	1	0.290429071428571
0.995145631067961	0.995145631067961	0.995145631067961	0.995145631067961	0.995145631067961	0.995145631067961	0.995145631067961	0.291500747572816
0.995192307692308	0.995192307692308	0.995192307692308	0.995192307692308	0.995192307692308	0.995192307692308	0.995192307692308	0.292540442307692
0.987603305785124	0.987603305785124	0.987603305785124	0.987603305785124	0.987603305785124	0.987603305785124	0.987603305785124	0.293575276859504
1	1	1	1	1	1	1	0.294560518072289
0.990196078431373	0.990196078431373	0.990196078431373	0.990196078431373	0.990196078431373	0.990196078431373	0.990196078431373	0.295496225490196
0.996363636363636	0.996363636363636	0.996363636363636	0.996363636363636	0.996363636363636	0.996363636363636	0.996363636363636	0.296461698181818
0.991150442477876	0.991150442477876	0.991150442477876	0.991150442477876	0.991150442477876	0.991150442477876	0.991150442477876	0.297414516224189
0.991596638655462	0.995798319327731	0.991596638655462	0.995798319327731	0.995798319327731	0.995798319327731	0.995798319327731	0.29853837815126
0.995744680851064	0.995744680851064	0.995744680851064	0.995744680851064	0.995744680851064	0.995744680851064	0.995744680851064	0.29949425106383
1	1	1	1	1	1	1	0.300507549019608
0.995145631067961	0.995145631067961	0.995145631067961	0.995145631067961	0.995145631067961	0.995145631067961	0.995145631067961	0.301549432038835
0.990384615384615	0.990384615384615	0.990384615384615	0.990384615384615	0.990384615384615	0.990384615384615	0.990384615384615	0.302548841346154
0.995145631067961	0.995145631067961	0.995145631067961	0.995145631067961	0.995145631067961	0.995145631067961	0.995145631067961	0.303410820388349
0.995145631067961	0.995145631067961	0.995145631067961	0.995145631067961	0.995145631067961	0.995145631067961	0.995145631067961	0.304430266990291
1	1	1	1	1	1	1	0.30547954787234
0.991416309012876	0.991416309012876	0.991416309012876	0.991416309012876	0.991416309012876	0.991416309012876	0.991416309012876	0.306571480686695
1	1	1	1	1	1	1	0.307519790035587
0.99236641221374	0.99236641221374	0.99236641221374	0.99236641221374	0.99236641221374	0.99236641221374	0.99236641221374	0.308541385496183
1	1	1	1	1	1	1	0.309529845714286
0.99625468164794	0.99625468164794	0.99625468164794	0.99625468164794	0.99625468164794	0.99625468164794	0.99625468164794	0.310438602996255
0.995535714285714	0.995535714285714	0.995535714285714	0.995535714285714	0.995535714285714	0.995535714285714	0.995535714285714	0.311504879464286
1	1	1	1	1	1	1	0.312469087804878
1	1	1	1	1	1	1	0.31347762633452
1	1	1	1	1	1	1	0.31451243902439
0.995633187772926	0.995633187772926	0.995633187772926	0.995633187772926	0.995633187772926	0.995633187772926	0.995633187772926	0.315582593886463
1	1	1	1	1	1	1	0.31648584137931
0.995951417004049	0.995951417004049	0.995951417004049	0.995951417004049	0.995951417004049	0.995951417004049	0.995951417004049	0.317389238866397
1	1	1	1	1	1	1	0.318485536082474
0.990291262135922	0.990291262135922	0.990291262135922	0.990291262135922	0.990291262135922	0.990291262135922	0.990291262135922	0.319479
0.991525423728814	0.991525423728814	0.991525423728814	0.991525423728814	0.991525423728814	0.991525423728814	0.991525423728814	0.320491398305085
0.995594713656388	0.995594713656388	0.995594713656388	0.995594713656388	0.995594713656388	0.995594713656388	0.995594713656388	0.32153113215859
0.995283018867924	1	1	1	1	1	1	0.322523518867925
1	1	1	1	1	1	1	0.32348876
0.989690721649485	0.989690721649485	0.989690721649485	0.989690721649485	0.989690721649485	0.989690721649485	0.989690721649485	0.324458845360825
1	1	1	1	1	1	1	0.325435055299539
0.996062992125984	0.996062992125984	0.996062992125984	0.996062992125984	0.996062992125984	0.996062992125984	0.996062992125984	0.326465228346457
1	1	1	1	1	1	1	0.327516855072464
1	1	1	1	1	1	1	0.328470691943128
0.995614035087719	0.995614035087719	0.995614035087719	0.995614035087719	0.995614035087719	0.995614035087719	0.995614035087719	0.329526956140351
0.991111111111111	0.991111111111111	0.991111111111111	0.991111111111111	0.991111111111111	0.991111111111111	0.991111111111111	0.330592155555556
0.994565217391304	0.994565217391304	0.994565217391304	0.994565217391304	0.994565217391304	0.994565217391304	0.994565217391304	0.331501548913044
0.99645390070922	1	1	1	1	1	1	0.332417918439716
1	1	1	1	1	1	1	0.333453972972973
1	1	1	1	1	1	1	0.334487640909091
1	1	1	1	1	1	1	0.335521731843575
1	1	1	1	1	1	1	0.336526149700599
1	0.994011976047904	0.994011976047904	0.994011976047904	0.994011976047904	1	0.994011976047904	0.337571850299401
1	1	1	1	1	1	1	0.338517691056911
1	1	1	1	1	1	1	0.339455186046512
0.994623655913978	0.994623655913978	0.994623655913978	0.994623655913978	0.994623655913978	0.994623655913978	0.994623655913978	0.340519741935484
1	1	1	1	1	1	1	0.341532120996441
1	1	1	1	1	1	1	0.342509520737327
1	1	1	1	1	1	1	0.3434963
1	1	1	1	1	1	1	0.344640295275591
0.996168582375479	0.996168582375479	0.996168582375479	0.996168582375479	0.996168582375479	0.996168582375479	0.996168582375479	0.345529996168582
1	1	1	1	1	1	1	0.346415061151079
1	1	1	1	1	1	1	0.347444333333333
1	1	1	1	1	1	1	0.348511614285714
1	1	1	1	1	1	1	0.349465142857143
0.995260663507109	0.995260663507109	0.995260663507109	0.995260663507109	0.995260663507109	0.995260663507109	0.995260663507109	0.350507023696682
0.995475113122172	0.995475113122172	0.995475113122172	0.995475113122172	0.995475113122172	0.995475113122172	0.995475113122172	0.35159321719457
1	1	1	1	1	1	1	0.352547004761905
1	1	1	1	1	1	1	0.353416551440329
1	1	1	1	1	1	1	0.354472875647668
0.995169082125604	1	1	1	0.995169082125604	1	1	0.355485893719807
1	1	1	1	1	1	1	0.35652305982906
1	1	1	1	1	1	1	0.3575873125
0.995121951219512	0.995121951219512	0.995121951219512	0.995121951219512	0.995121951219512	0.995121951219512	0.995121951219512	0.358555619512195
0.985714285714286	0.992857142857143	1	1	1	1	1	0.359537771428571
1	1	1	1	1	1	1	0.360426530612245
1	1	1	1	1	1	1	0.361479152173913
0.996774193548387	0.996774193548387	0.996774193548387	0.996774193548387	0.996774193548387	0.996774193548387	0.996774193548387	0.362487325806452
1	1	1	1	1	1	1	0.363475521276596
1	1	1	1	1	1	1	0.364589555045872
0.992125984251969	1	0.996062992125984	0.996062992125984	1	1	1	0.365534066929134
1	1	1	1	1	1	1	0.366514517482518
1	1	1	1	1	1	1	0.367512570815451
0.98974358974359	0.98974358974359	0.98974358974359	0.98974358974359	0.98974358974359	0.98974358974359	0.98974358974359	0.368449338461538
0.995495495495496	0.995495495495496	0.995495495495496	0.995495495495496	0.995495495495496	0.995495495495496	0.995495495495496	0.369487324324324
0.995327102803738	1	1	1	1	1	1	0.370518154205607
1	1	1	1	1	1	1	0.371567554945055
1	1	1	1	1	1	1	0.372636618357488
0.993243243243243	0.993243243243243	0.993243243243243	0.993243243243243	0.993243243243243	0.993243243243243	0.993243243243243	0.373503202702703
0.995983935742972	0.995983935742972	0.995983935742972	0.995983935742972	0.995983935742972	0.995983935742972	0.995983935742972	0.374422827309237
1	1	1	1	1	1	1	0.375469273648649
0.995327102803738	0.995327102803738	0.995327102803738	0.995327102803738	0.995327102803738	0.995327102803738	0.995327102803738	0.376503242990654
1	1	1	1	1	1	1	0.377553650717703
1	1	1	1	1	1	1	0.378535146067416
0.994318181818182	0.994318181818182	0.994318181818182	0.994318181818182	0.994318181818182	0.994318181818182	0.994318181818182	0.379583227272727
1	1	1	1	1	1	1	0.38050857
0.963730569948187	0.968911917098446	0.968911917098446	0.968911917098446	0.968911917098446	0.968911917098446	0.968911917098446	0.381399761658031
0.996138996138996	0.996138996138996	0.996138996138996	0.996138996138996	0.996138996138996	0.996138996138996	0.996138996138996	0.382477305019305
1	0.995169082125604	0.995169082125604	0.995169082125604	0.995169082125604	0.995169082125604	0.995169082125604	0.3834771352657
1	1	1	1	1	1	1	0.38456877254902
0.98876404494382	0.98876404494382	0.98876404494382	0.98876404494382	0.98876404494382	0.98876404494382	0.98876404494382	0.385602893258427
0.996742671009772	0.996742671009772	0.996742671009772	0.996742671009772	0.996742671009772	0.996742671009772	0.996742671009772	0.386595501628665
1	1	1	1	1	1	1	0.387452331818182
0.995215311004785	0.995215311004785	0.995215311004785	0.995215311004785	0.995215311004785	0.995215311004785	0.995215311004785	0.388402741626794
0.993421052631579	0.993421052631579	0.993421052631579	0.993421052631579	0.993421052631579	0.993421052631579	0.993421052631579	0.389470401315789
0.995433789954338	0.995433789954338	0.995433789954338	0.995433789954338	0.995433789954338	0.995433789954338	0.995433789954338	0.390530242009132
1	1	1	1	1	1	1	0.391557544680851
1	1	1	1	1	1	1	0.392516074509804
0.995169082125604	0.995169082125604	0.995169082125604	0.995169082125604	0.995169082125604	0.995169082125604	0.995169082125604	0.393521086956522
0.989473684210526	0.989473684210526	0.989473684210526	0.994736842105263	0.994736842105263	0.989473684210526	0.989473684210526	0.394538463157895
0.995689655172414	0.995689655172414	0.995689655172414	0.995689655172414	0.995689655172414	0.995689655172414	0.995689655172414	0.395409943965517
1	1	1	1	1	1	1	0.396459730434783
0.993103448275862	0.993103448275862	0.993103448275862	0.993103448275862	0.993103448275862	0.993103448275862	0.993103448275862	0.397503565517241
1	1	1	1	1	1	1	0.398500625386997
0.991341991341991	0.991341991341991	0.991341991341991	0.991341991341991	0.991341991341991	0.991341991341991	0.991341991341991	0.399520961038961
1	1	1	1	1	1	1	0.400603662162162
1	1	0.992	1	0.992	0.992	0.992	0.401483528
1	1	1	1	1	1	1	0.402416819354839
0.996031746031746	0.996031746031746	0.996031746031746	0.996031746031746	0.996031746031746	0.996031746031746	0.996031746031746	0.403455265873016
0.99171270718232	0.988950276243094	0.99171270718232	0.99171270718232	0.99171270718232	0.99171270718232	0.99171270718232	0.404557651933702
0.993031358885017	0.996515679442509	0.996515679442509	0.996515679442509	0.996515679442509	0.996515679442509	0.996515679442509	0.405460902439024
0.991452991452991	0.991452991452991	0.991452991452991	0.991452991452991	0.991452991452991	0.991452991452991	0.991452991452991	0.406542863247863
0.990291262135922	0.990291262135922	0.995145631067961	0.995145631067961	0.995145631067961	0.995145631067961	0.995145631067961	0.407607053398058
0.994652406417112	0.994652406417112	0.994652406417112	0.994652406417112	0.994652406417112	0.994652406417112	0.994652406417112	0.408496524064171
1	1	1	1	1	1	1	0.409421356020942
0.990654205607477	0.990654205607477	0.990654205607477	0.990654205607477	0.990654205607477	0.990654205607477	0.990654205607477	0.410482644859813
1	1	1	1	1	1	1	0.411494698412698
0.986301369863014	0.986301369863014	0.986301369863014	0.986301369863014	0.986301369863014	0.986301369863014	0.986301369863014	0.412505333333333
0.990740740740741	0.990740740740741	0.990740740740741	0.990740740740741	0.990740740740741	0.990740740740741	0.990740740740741	0.413529986111111
0.994565217391304	0.994565217391304	0.994565217391304	0.994565217391304	0.994565217391304	0.994565217391304	0.994565217391304	0.414605510869565
0.993630573248408	0.993630573248408	0.993630573248408	0.993630573248408	0.993630573248408	0.993630573248408	0.993630573248408	0.415494949044586
1	1	1	1	1	1	1	0.416437080645161
1	1	1	1	1	1	1	0.41746881981982
1	1	1	1	1	1	1	0.418519339055794
1	1	1	1	1	1	1	0.419637117437722
1	1	1	1	1	1	1	0.420526152249135
0.989130434782609	0.994565217391304	0.994565217391304	0.994565217391304	0.994565217391304	0.994565217391304	0.994565217391304	0.42158627173913
0.987878787878788	0.987878787878788	0.987878787878788	0.987878787878788	0.987878787878788	0.987878787878788	0.987878787878788	0.422513636363636
1	1	1	1	1	1	1	0.423413880382775
1	1	1	1	1	1	1	0.42442999122807
0.985915492957746	0.985915492957746	0.985915492957746	0.985915492957746	0.985915492957746	0.985915492957746	0.985915492957746	0.425484976525822
1	1	1	1	1	1	1	0.426512151685393
1	1	1	1	1	1	1	0.427574974874372
1	1	1	1	1	1	1	0.4285855
1	1	1	1	1	1	1	0.429497809210526
1	1	1	1	1	1	1	0.430413616161616
0.995169082125604	0.995169082125604	0.995169082125604	0.995169082125604	0.995169082125604	0.995169082125604	0.995169082125604	0.431461497584541
1	1	1	1	1	1	1	0.432504870588235
1	1	1	1	1	1	1	0.433510494444444
1	1	1	1	1	1	1	0.434588163090129
0.995633187772926	0.995633187772926	0.995633187772926	0.995633187772926	0.995633187772926	0.995633187772926	0.995633187772926	0.435515903930131
1	1	1	1	1	1	1	0.436523615853659
1	1	1	1	1	1	1	0.437402268382353
1	0.996402877697842	1	0.996402877697842	0.996402877697842	1	1	0.438464794964029
1	1	1	1	1	1	1	0.439414364864865
0.992537313432836	0.988805970149254	0.988805970149254	0.988805970149254	0.992537313432836	0.992537313432836	0.992537313432836	0.440536402985075
1	1	1	1	1	1	1	0.44151174
1	1	1	1	1	1	1	0.44258971192053
1	1	1	1	1	1	1	0.44343493258427
1	1	1	1	1	1	1	0.44443174537037
0.98780487804878	0.98780487804878	0.991869918699187	0.98780487804878	0.98780487804878	0.98780487804878	0.98780487804878	0.445404020325203
0.995305164319249	0.995305164319249	0.995305164319249	0.995305164319249	0.995305164319249	0.995305164319249	0.995305164319249	0.446442178403756
1	1	1	1	1	1	1	0.447519531818182
0.990147783251232	0.990147783251232	0.990147783251232	0.990147783251232	0.990147783251232	0.990147783251232	0.990147783251232	0.448556295566502
1	1	1	1	1	1	1	0.449583987804878
1	1	1	1	1	1	1	0.450455951219512
0.995670995670996	0.995670995670996	0.995670995670996	0.995670995670996	0.995670995670996	0.995670995670996	0.995670995670996	0.451417874458874
1	1	1	1	1	1	1	0.452456620689655
1	1	1	1	1	1	1	0.453535071428571
0.995049504950495	1	1	1	1	1	1	0.454520881188119
1	1	1	1	1	1	1	0.455510813829787
1	1	1	1	1	1	1	0.456595717171717
1	1	1	1	1	1	1	0.457494490566038
1	1	1	1	1	1	1	0.458439735849057
1	1	1	1	1	1	1	0.459497847682119
1	1	1	1	1	1	1	0.460455105263158
1	1	1	1	1	1	1	0.461521415384615
1	1	1	1	1	1	1	0.462519420560748
1	1	1	1	1	1	1	0.46353711790393
1	1	1	1	1	1	1	0.464492424242424
0.994505494505495	0.994505494505495	0.994505494505495	0.994505494505495	0.994505494505495	0.994505494505495	0.994505494505495	0.465437082417582
1	1	1	1	1	1	1	0.46645432642487
1	1	1	1	1	1	1	0.467485153846154
1	1	1	1	1	1	1	0.468525471962617
1	0.995708154506438	0.995708154506438	0.995708154506438	0.995708154506438	0.995708154506438	1	0.469541497854077
0.982014388489209	0.97841726618705	0.97841726618705	0.97841726618705	0.97841726618705	0.97841726618705	0.97841726618705	0.470570539568345
0.994117647058824	0.994117647058824	0.994117647058824	0.994117647058824	0.994117647058824	0.994117647058824	0.994117647058824	0.471476588235294
0.995049504950495	0.995049504950495	0.995049504950495	0.995049504950495	0.995049504950495	0.995049504950495	0.995049504950495	0.472401148514851
1	1	1	1	1	1	1	0.473408530232558
0.994708994708995	0.994708994708995	0.994708994708995	0.994708994708995	0.994708994708995	0.994708994708995	0.994708994708995	0.474448671957672
1	1	1	1	1	1	1	0.475513960352423
1	1	1	1	1	1	1	0.476551199170125
0.9921875	0.9921875	0.9921875	0.9921875	0.9921875	0.9921875	0.9921875	0.4775841484375
0.990384615384615	0.995192307692308	0.995192307692308	0.995192307692308	0.995192307692308	0.995192307692308	0.995192307692308	0.478488956730769
1	1	1	1	1	1	1	0.479401833333333
0.991967871485944	0.991967871485944	0.991967871485944	0.991967871485944	0.995983935742972	0.995983935742972	0.991967871485944	0.480361979919679
0.996	0.996	0.996	0.996	0.996	0.996	0.996	0.48151166
0.995689655172414	0.995689655172414	0.995689655172414	0.995689655172414	0.995689655172414	0.995689655172414	0.995689655172414	0.482537926724138
0.99581589958159	0.99581589958159	0.99581589958159	0.99581589958159	0.99581589958159	0.99581589958159	0.99581589958159	0.48353789539749
1	1	1	1	1	1	1	0.484550437869822
1	1	1	1	1	1	1	0.485520290322581
1	1	1	1	1	1	1	0.486432071856287
1	1	1	1	1	1	1	0.487457254658385
1	1	1	1	1	1	1	0.48847802739726
1	1	1	1	1	1	1	0.48954762173913
0.99609375	0.99609375	0.99609375	0.99609375	0.99609375	0.99609375	0.99609375	0.49054612109375
0.995850622406639	0.995850622406639	0.995850622406639	0.995850622406639	0.995850622406639	0.995850622406639	0.995850622406639	0.491554161825726
0.987261146496815	0.987261146496815	0.987261146496815	0.987261146496815	0.987261146496815	0.987261146496815	0.987261146496815	0.492493808917197
1	1	1	1	1	1	1	0.493432683615819
1	1	1	1	1	1	1	0.494438553278689
1	1	1	1	1	1	1	0.49544474137931
0.996309963099631	0.996309963099631	0.996309963099631	0.996309963099631	0.996309963099631	0.996309963099631	0.996309963099631	0.496499800738007
0.993150684931507	0.993150684931507	0.993150684931507	0.993150684931507	0.993150684931507	0.993150684931507	0.993150684931507	0.497404400684931
0.990049751243781	0.995024875621891	0.995024875621891	0.995024875621891	0.995024875621891	0.995024875621891	0.995024875621891	0.498525179104478
0.987654320987654	0.987654320987654	0.987654320987654	0.993827160493827	0.993827160493827	0.987654320987654	0.993827160493827	0.499550080246914
