MAF	n100	n200	n300	n400	n500	n1000	n2000
0.000205850603453499	0.507287875198809	0.50059503854051	0.50008099056125	0.497312392281437	0.494382988070697	0.484119755421931	0.471411019803314
0.000411706591085989	0.850009100388662	0.81985276130467	0.830769594850435	0.823457002457002	0.817292583845064	0.794560808913023	0.769121094112193
0.000617551312999274	0.92497664794561	0.897664633260712	0.89914674712982	0.891474625990026	0.885190378410091	0.862414761974087	0.843597240377633
0.000823384427746777	0.947680402208202	0.91125591687512	0.922473166896009	0.913533137254902	0.905882732967893	0.880302010827533	0.866716374831634
0.00112038925517965	0.95038508391987	0.905470364542355	0.922403130059363	0.913065053763441	0.906267873910127	0.888196194225722	0.881821924993443
0.00144093958610272	0.95220515970516	0.919694561933535	0.924753449862005	0.918576499388005	0.912735635696821	0.898681776971895	0.893531419939577
0.00164678244985202	0.957836206896552	0.933450180861559	0.931019847833278	0.923960687148992	0.91851055408971	0.907610325550806	0.90306247944755
0.00185263409285714	0.955036390101892	0.9229475	0.929430590793766	0.921194715888527	0.916505244122966	0.907028224365845	0.904697857142857
0.0024372259527014	0.94972218969555	0.922656316093059	0.920109671179884	0.916482549170845	0.912918554216868	0.907016344582252	0.90606046914055
0.00347288889874541	0.950108097784568	0.93032365986567	0.92706230964467	0.922578020027887	0.920079584336586	0.916726650614624	0.91712583956406
0.00451003573886959	0.949575578611333	0.929588727502368	0.927812104930468	0.922926393934608	0.921332806823567	0.918910009472687	0.919035364698453
0.00555075191155989	0.954758729050279	0.936470577994429	0.932362243120864	0.930754874651811	0.929771935933148	0.928187151810585	0.929388057103064
0.00657727260760552	0.94927044688027	0.928343919765984	0.929641797283177	0.929101128290848	0.928827413288759	0.927633723359799	0.928530505641454
0.00750436992773261	0.94169609918355	0.927778982234267	0.929927732610659	0.929303824149353	0.928526046371575	0.926789822342668	0.926488407106293
0.00841418447884988	0.9438479889043	0.930493226430744	0.929440143765552	0.928784628144871	0.930628421343655	0.931689798175283	0.933319048935582
0.00946972193970421	0.952801711840228	0.941815130830489	0.946417235494881	0.945452502844141	0.945439704209329	0.943917519908988	0.944750853242321
0.010493095896521	0.952520535714286	0.941061254831995	0.944524531668153	0.944738626226583	0.944825750817722	0.944932500743384	0.94483526613143
0.0115146549880831	0.957504940374787	0.952208375893769	0.951323459312223	0.951569969356486	0.951934627170582	0.95138100102145	0.951850187265918
0.0125511105037095	0.949996875	0.943450214759859	0.946690355329949	0.947613041780554	0.947901210464662	0.947667707926591	0.947991409605623
0.0135747727425451	0.9539991600168	0.951288954220916	0.952956320873583	0.952286854262915	0.951702645947081	0.95215077698446	0.952064678706426
0.0145070851736651	0.955501556016597	0.952561430793157	0.953457231726283	0.95316588906169	0.952900984966304	0.953822187662001	0.95448367029549
0.0154395494146341	0.956809756097561	0.953627804878049	0.956296097560976	0.956644390243902	0.956428780487805	0.954605365853659	0.954634634146341
0.0164532911610879	0.961440083725798	0.957333158995816	0.958336820083682	0.958234832635983	0.958321652719665	0.958563284518828	0.959078451882845
0.0174969950574139	0.958411088911089	0.959249625561657	0.961510234648028	0.961925112331503	0.96181777333999	0.960964053919121	0.961467299051423
0.0185047081609195	0.954212190914319	0.957547126436782	0.960116091954023	0.961297126436782	0.96121091954023	0.959198275862069	0.959474137931035
0.0195386285312324	0.968790658413056	0.968483961733258	0.968613393359595	0.96930388294879	0.968562183455262	0.968062464828362	0.967616207090602
0.0205878096165933	0.96772155876807	0.964775612822124	0.965746700188561	0.96608359522313	0.965836580766813	0.965338152105594	0.964888120678818
0.0215360733483483	0.971456456456457	0.968287537537537	0.969683933933934	0.969623873873874	0.970268768768769	0.968788288288288	0.969237237237237
0.0224291207485227	0.963453053184504	0.964803676953381	0.966042678923178	0.966562048588313	0.966263952724885	0.96605252790545	0.966137885751806
0.0234751716383308	0.97126429675425	0.970339258114374	0.971569551777434	0.971504636785162	0.970869397217929	0.970677743431221	0.970403400309119
0.0244773976855547	0.962872306464485	0.963280127693536	0.965064644852354	0.965846767757382	0.965909018355946	0.965550678371907	0.96546049481245
0.0255390643131236	0.966719109746738	0.967594013814275	0.968548733691481	0.969455871066769	0.96910821181888	0.968661550268611	0.968850345356869
0.0265195561769616	0.97149791144528	0.969177796327212	0.968618530884808	0.968848914858097	0.969159432387312	0.967906510851419	0.967980801335559
0.0275966593778591	0.971709057639524	0.970038426349497	0.971820677035682	0.972169258920403	0.972654162854529	0.971650503202196	0.971712717291857
0.028521556372906	0.984228696285506	0.98265841223598	0.982206846321923	0.982471959213401	0.982352512745812	0.982714493809177	0.982833940276766
0.0294420176375405	0.97603074433657	0.976667475728155	0.977097896440129	0.976912621359223	0.976355987055016	0.975959546925566	0.975788834951456
0.0304196512949039	0.977859649122807	0.976990810359231	0.976804511278195	0.977423558897243	0.977388471177945	0.975927318295739	0.976726817042607
0.0314956403696498	0.980621595330739	0.978842412451362	0.979349221789883	0.980046692607004	0.979549610894942	0.979037937743191	0.978724708171206
0.0325085441666667	0.975794577685089	0.976072916666667	0.977502083333333	0.9778625	0.978209375	0.977730208333333	0.977785416666667
0.0335555934314836	0.981680634201585	0.979284258210646	0.980449603624009	0.980619479048698	0.980479048697622	0.979284258210646	0.97964892412231
0.0345928960486322	0.983469098277609	0.983123606889564	0.982522796352584	0.982100303951368	0.981946301925025	0.981581560283688	0.981688956433637
0.0355115117177097	0.977157123834887	0.975681757656458	0.977011984021305	0.978078561917443	0.977703062583222	0.977355525965379	0.978185086551265
0.0364390558823529	0.981121176470588	0.982242352941176	0.982990588235294	0.982111764705882	0.981452941176471	0.981397647058823	0.981509411764706
0.0374319249425287	0.985704597701149	0.983922988505747	0.983474712643678	0.982385057471264	0.982962068965517	0.98136091954023	0.981042528735632
0.0384738102206736	0.976293844367015	0.976809523809524	0.976855981416957	0.975430894308943	0.976399535423926	0.975372822299652	0.975229965156794
0.0394877272251309	0.980236910994764	0.978488219895288	0.979659685863874	0.980403141361257	0.980438481675393	0.979569371727749	0.980571989528796
0.0405821452211127	0.978279600570613	0.978112696148359	0.977944365192582	0.978174037089872	0.977985734664765	0.9780242510699	0.978437945791726
0.0415624497555012	0.984552567237164	0.984051344743276	0.98468826405868	0.984695599022005	0.984858190709046	0.984788508557457	0.985403422982885
0.0425071103810775	0.984968462549277	0.985011826544021	0.985791064388962	0.986101182654402	0.98611038107753	0.984952693823916	0.984282522996058
0.0434153187270502	0.983488372093023	0.983816401468788	0.984099143206854	0.983957160342717	0.983922888616891	0.984521419828641	0.985547123623011
0.0444852312262958	0.979619469026549	0.980610619469027	0.982170670037927	0.982180783817952	0.982366624525917	0.982175726927939	0.982538558786346
0.045476989640884	0.982038674033149	0.982569060773481	0.983095303867403	0.982718232044199	0.983302486187845	0.982694751381215	0.982758287292818
0.04651575	0.985626329787234	0.985070478723404	0.985147606382979	0.985537234042553	0.985525265957447	0.98529920212766	0.985375
0.0475356602409639	0.98969578313253	0.988459337349398	0.988849397590361	0.988783132530121	0.988198795180723	0.988042168674699	0.987513554216867
0.0485388965083799	0.984231843575419	0.98465782122905	0.984959497206704	0.985340782122905	0.985012569832402	0.984625698324022	0.984319832402235
0.0495182602620087	0.982960698689956	0.983008733624454	0.983430131004367	0.983139737991266	0.982967248908297	0.982262008733624	0.982331877729258
0.0504346185815603	0.98791914893617	0.987069503546099	0.986927659574468	0.986991489361702	0.986536170212766	0.986158865248227	0.985794326241135
0.0514601119170984	0.98853713298791	0.989177892918826	0.988699481865285	0.9883402417962	0.988169257340242	0.987445595854922	0.987561312607945
0.0524656924863388	0.988131147540984	0.986632513661202	0.987233606557377	0.987624316939891	0.987005464480874	0.986274590163934	0.98658606557377
0.0535435342356688	0.991366242038217	0.990764331210191	0.990224522292994	0.989891719745223	0.98987101910828	0.989488853503185	0.989490445859873
0.0545574830870279	0.981336617405583	0.980758620689655	0.981809523809524	0.982533661740558	0.982701149425287	0.982031198686371	0.982582922824302
0.0555840195945946	0.987587837837838	0.986780405405405	0.987287162162162	0.987496621621622	0.987650337837838	0.987555743243243	0.987572635135135
0.0565053767932489	0.985987341772152	0.9857194092827	0.986381856540084	0.986132911392405	0.986314345991561	0.985550632911392	0.985248945147679
0.0574062123505976	0.990725099601594	0.988934262948207	0.988876494023904	0.9890796812749	0.988950199203187	0.988657370517928	0.988926294820717
0.0584892946280992	0.991570247933884	0.990446280991735	0.99	0.990192148760331	0.98975	0.989993801652893	0.990407024793388
0.0594481180147059	0.990569852941176	0.989720588235294	0.990630514705882	0.990569852941176	0.990946691176471	0.990215073529412	0.989832720588235
0.0605063521594684	0.98802657807309	0.987926910299003	0.988774086378738	0.989059800664452	0.989300664451827	0.98875415282392	0.988730897009967
0.0615421298611111	0.991836805555556	0.991670138888889	0.991567708333333	0.991732638888889	0.991902777777778	0.992036458333333	0.991772569444444
0.0625301725806452	0.992331265508685	0.99152729528536	0.991694789081886	0.991822580645161	0.991908188585608	0.991816377171216	0.991858560794045
0.0634674832369942	0.989487475915222	0.989789980732177	0.989872832369942	0.989959537572254	0.990206165703276	0.990200385356455	0.990518304431599
0.0644387461693548	0.988997983870968	0.988631048387097	0.987782258064516	0.988193548387097	0.988135080645161	0.98723185483871	0.987375
0.0654412703703704	0.986968518518519	0.986451851851852	0.986583333333333	0.986788888888889	0.987033333333333	0.986153703703704	0.985831481481481
0.0665280844178082	0.99136301369863	0.991633561643836	0.991080479452055	0.990755136986301	0.990529109589041	0.990943493150685	0.990940068493151
0.0674869636217949	0.992916666666667	0.992455128205128	0.992666666666667	0.992580128205128	0.992665064102564	0.992958333333333	0.993105769230769
0.0684789662379421	0.992864951768489	0.992389067524116	0.993234726688103	0.993591639871383	0.993315112540193	0.993319935691318	0.993109324758842
0.0695828890829694	0.990482532751092	0.989159388646288	0.989526200873362	0.989478165938865	0.989491266375546	0.989975982532751	0.990045851528384
0.0705021445652174	0.992336956521739	0.991211956521739	0.991777173913043	0.991073369565217	0.990625	0.989953804347826	0.989434782608696
0.0714555151119403	0.990930970149254	0.990550373134328	0.990692164179104	0.990699626865672	0.990777985074627	0.99109328358209	0.991070895522388
0.0724675938317757	0.988044859813084	0.98792523364486	0.987581308411215	0.988057943925234	0.987842990654206	0.987981308411215	0.988179439252336
0.0734355087912088	0.992171428571429	0.991975824175824	0.99207032967033	0.992094505494506	0.991962637362637	0.991474725274725	0.991410989010989
0.074532896350365	0.991362530413625	0.989800486618005	0.990729927007299	0.991114355231144	0.991294403892944	0.991223844282238	0.99170802919708
0.0755535623467601	0.992478108581436	0.990737302977233	0.991255691768827	0.991686514886165	0.991886164623468	0.991224168126095	0.991453590192644
0.0765666565121413	0.991611479028698	0.990558498896247	0.990174392935982	0.989730684326711	0.989818984547461	0.989490066225166	0.989726269315673
0.0775048186486487	0.990997297297297	0.990245945945946	0.991172972972973	0.990637837837838	0.99084054054054	0.991272972972973	0.991586486486487
0.0784785236538462	0.990151923076923	0.991544230769231	0.991309615384615	0.991163461538462	0.991432692307692	0.990517307692308	0.990367307692308
0.0794341165048544	0.993590291262136	0.992601941747573	0.993291262135922	0.99333786407767	0.993372815533981	0.992716504854369	0.992188349514563
0.0804824846335697	0.993200945626478	0.993293144208038	0.992936170212766	0.993224586288416	0.993026004728132	0.992626477541371	0.991891252955083
0.0815134856512141	0.989262693156733	0.988724061810154	0.989167770419426	0.989286975717439	0.989450331125828	0.989061810154525	0.989015452538631
0.082595629953917	0.990200460829493	0.990513824884793	0.98947465437788	0.990285714285714	0.990414746543779	0.990677419354839	0.989951612903226
0.0836078471204188	0.988965095986038	0.988865619546248	0.989371727748691	0.989094240837696	0.989061082024433	0.988966841186737	0.988825479930192
0.0845006296218487	0.989533613445378	0.991023109243698	0.991006302521008	0.991720588235294	0.991726890756302	0.99188025210084	0.991466386554622
0.0854236794059406	0.991087128712871	0.991142574257426	0.990869306930693	0.990964356435644	0.991055445544554	0.990891089108911	0.990491089108911
0.0864373589322382	0.995749486652977	0.995437371663244	0.995012320328542	0.994464065708419	0.994437371663244	0.994609856262834	0.99464476386037
0.0875300623445826	0.994941385435169	0.995507992895204	0.995238010657194	0.995095914742451	0.995259325044405	0.995287744227353	0.995396092362345
0.0884856929104478	0.992858208955224	0.99303171641791	0.99292723880597	0.992925373134328	0.992852611940299	0.992649253731343	0.992511194029851
0.0894934199040767	0.990635491606715	0.98968824940048	0.990244604316547	0.990235011990408	0.990625899280576	0.990932853717026	0.990405275779377
0.0906216232269504	0.990707446808511	0.991037234042553	0.991379432624113	0.991558510638298	0.991625886524823	0.991718085106383	0.99147695035461
0.0915022056497175	0.990220338983051	0.990098870056497	0.989923728813559	0.990387005649717	0.990406779661017	0.990460451977401	0.990898305084746
0.0924319981723238	0.991845953002611	0.99265274151436	0.992731070496084	0.992731070496084	0.992788511749347	0.992422976501306	0.992177545691906
0.0934566300184162	0.993114180478821	0.993290976058932	0.993244935543278	0.993441988950276	0.993410681399632	0.992996316758748	0.992895027624309
0.0944916295555556	0.993626666666667	0.993415555555556	0.993591111111111	0.994104444444444	0.994233333333333	0.994175555555556	0.994317777777778
0.0954743143835616	0.989084474885845	0.989463470319635	0.989897260273973	0.990063926940639	0.990408675799087	0.99062100456621	0.990972602739726
0.0965163173033708	0.992885393258427	0.992757303370786	0.992986516853933	0.993586516853933	0.993770786516854	0.993265168539326	0.993289887640449
0.0975505285067873	0.992079185520362	0.991981900452489	0.992330316742081	0.991947963800905	0.991787330316742	0.991438914027149	0.991484162895928
0.0984866878980892	0.99615923566879	0.995382165605096	0.995191082802548	0.995245222929936	0.995114649681529	0.995025477707006	0.995178343949045
0.0994261389972145	0.992217270194986	0.992515320334262	0.992545961002785	0.992852367688022	0.992607242339833	0.99233704735376	0.992197771587744
0.100488115658363	0.992124555160142	0.992492882562278	0.991950177935943	0.992046263345196	0.992241992882562	0.992576512455516	0.992864768683274
0.10142223880597	0.992623880597015	0.99304776119403	0.993922388059701	0.993662686567164	0.993874626865672	0.994089552238806	0.994167164179104
0.102496751162791	0.991597674418605	0.991839534883721	0.992367441860465	0.992932558139535	0.992813953488372	0.992209302325581	0.99223023255814
0.103502717514124	0.98493220338983	0.98521186440678	0.985980225988701	0.986889830508475	0.986573446327684	0.986217514124294	0.98664406779661
0.104579480278422	0.992053364269141	0.991754060324826	0.991271461716937	0.991109048723898	0.990733178654292	0.990626450116009	0.990582366589327
0.10545887628866	0.987893470790378	0.988563573883162	0.98839175257732	0.988463917525773	0.988223367697594	0.988168384879725	0.98820618556701
0.106475966197183	0.989825352112676	0.989366197183099	0.989405633802817	0.989388732394366	0.988478873239437	0.987957746478873	0.987459154929577
0.10740767822736	0.989811175337187	0.990404624277457	0.990238921001927	0.990236994219653	0.988890173410405	0.987373795761079	0.986946050096339
0.108468331670823	0.994456359102244	0.993790523690773	0.993536159600998	0.993369077306733	0.99343391521197	0.993411471321696	0.993134663341646
0.109488492877493	0.98917094017094	0.989165242165242	0.988954415954416	0.989452991452991	0.989196581196581	0.989330484330484	0.989287749287749
0.110526979118329	0.99146403712297	0.990997679814385	0.990723897911833	0.991064965197216	0.991088167053364	0.991211136890951	0.991085846867749
0.111547367010309	0.995482474226804	0.99461030927835	0.994738144329897	0.995028865979381	0.994705154639175	0.994562886597938	0.994556701030928
0.112489124203822	0.993955414012739	0.994232484076433	0.994646496815287	0.994640127388535	0.994668789808917	0.994898089171975	0.994821656050955
0.113382351297405	0.992077844311377	0.991996007984032	0.991758483033932	0.991864271457086	0.991860279441118	0.992027944111776	0.991750499001996
0.1144616625	0.99429375	0.992528125	0.992809375	0.993365625	0.993640625	0.993621875	0.99353125
0.115496177464789	0.995918309859155	0.996276056338028	0.99650985915493	0.996608450704225	0.996650704225352	0.996630985915493	0.996250704225352
0.116537348583878	0.990137254901961	0.990058823529412	0.990089324618736	0.989904139433551	0.989762527233115	0.989862745098039	0.98959477124183
0.117542597014925	0.994731343283582	0.995179104477612	0.99545842217484	0.995473347547974	0.995213219616205	0.995014925373134	0.994705756929637
0.118560510638298	0.996047281323877	0.99554609929078	0.995853427895981	0.996004728132388	0.99587706855792	0.995550827423168	0.995508274231679
0.119507733082707	0.992789473684211	0.9925	0.99309022556391	0.993402255639098	0.993864661654135	0.993488721804511	0.993605263157895
0.120431232686981	0.9961108033241	0.995742382271468	0.995941828254848	0.99605540166205	0.995947368421053	0.995753462603878	0.995806094182826
0.121461427872861	0.992831295843521	0.99239608801956	0.992356968215159	0.992136919315403	0.992195599022005	0.992513447432763	0.992464547677262
0.122423142857143	0.995339285714286	0.994581632653061	0.99480612244898	0.995045918367347	0.995035714285714	0.995043367346939	0.994882653061224
0.123559696969697	0.993861952861953	0.993087542087542	0.993558922558923	0.993158249158249	0.993013468013468	0.992888888888889	0.992835016835017
0.124553098092643	0.993062670299728	0.991874659400545	0.992198910081744	0.992029972752044	0.99166485013624	0.991719346049046	0.991847411444142
0.125534612903226	0.986564516129032	0.9873	0.987403225806452	0.986874193548387	0.9871	0.987254838709677	0.987196774193548
0.126484343612335	0.989885462555066	0.989788546255507	0.990088105726872	0.989863436123348	0.98931718061674	0.989903083700441	0.989696035242291
0.127438863157895	0.99505	0.995134210526316	0.99546052631579	0.995436842105263	0.995478947368421	0.99551052631579	0.995592105263158
0.128414840782123	0.990497206703911	0.989879888268156	0.989494413407821	0.989826815642458	0.98991061452514	0.989994413407821	0.98995530726257
0.129459392059553	0.99197270471464	0.992684863523573	0.992555831265509	0.992962779156328	0.9932158808933	0.993300248138958	0.993168734491315
0.130485781914894	0.988664893617021	0.988909574468085	0.988601063829787	0.988515957446809	0.989	0.989087765957447	0.988962765957447
0.131553616336634	0.983126237623762	0.983688118811881	0.983601485148515	0.98159900990099	0.984262376237624	0.98544801980198	0.98525495049505
0.132543730407524	0.995786833855799	0.995686520376176	0.995934169278997	0.995793103448276	0.995884012539185	0.996003134796238	0.995887147335423
0.13350637716263	0.994152249134948	0.993737024221453	0.994532871972318	0.994356401384083	0.994432525951557	0.994131487889273	0.993685121107266
0.13435806231454	0.992712166172107	0.993035608308605	0.993169139465875	0.993008902077151	0.992970326409496	0.992979228486647	0.993178041543027
0.135416444776119	0.99585671641791	0.995579104477612	0.995677611940298	0.995823880597015	0.995820895522388	0.996068656716418	0.995910447761194
0.136451744262295	0.993704918032787	0.995052459016393	0.995432786885246	0.995665573770492	0.995567213114754	0.995652459016393	0.995685245901639
0.137471931914894	0.984914893617021	0.984927659574468	0.985804255319149	0.98571914893617	0.985672340425532	0.985085106382979	0.985476595744681
0.13857315234375	0.99337890625	0.99433984375	0.99464453125	0.994375	0.99421484375	0.99390234375	0.99416796875
0.139570862804878	0.995548780487805	0.99517987804878	0.994789634146341	0.994878048780488	0.995271341463415	0.995344512195122	0.995487804878049
0.140442474789916	0.996470588235294	0.996021008403361	0.996415966386555	0.996441176470588	0.996672268907563	0.996785714285714	0.996605042016807
0.141488519582245	0.996208877284595	0.99577545691906	0.995751958224543	0.995660574412533	0.995712793733681	0.995864229765013	0.995715404699739
0.142423017793594	0.992846975088968	0.993014234875445	0.993092526690391	0.993466192170819	0.993387900355872	0.993537366548043	0.993597864768683
0.143450180981595	0.99571472392638	0.995171779141104	0.995033742331288	0.995018404907975	0.99498773006135	0.994662576687117	0.994671779141104
0.144529739549839	0.994845659163987	0.995003215434084	0.995475884244373	0.99588424437299	0.995794212218649	0.995610932475884	0.995774919614148
0.145521772413793	0.994006896551724	0.994220689655172	0.994055172413793	0.994093103448276	0.994034482758621	0.993651724137931	0.993231034482759
0.146589578431373	0.995477124183006	0.994754901960784	0.994846405228758	0.995104575163399	0.994901960784314	0.994709150326797	0.994957516339869
0.147490967213115	0.988005464480874	0.988142076502732	0.988065573770492	0.988300546448087	0.988267759562842	0.987726775956284	0.987601092896175
0.148399362229102	0.993959752321981	0.993092879256966	0.993213622291022	0.993486068111455	0.993557275541796	0.993424148606811	0.993219814241486
0.149485880208333	0.990276041666667	0.989252604166667	0.988986979166667	0.989346354166667	0.989296875	0.98934375	0.989348958333333
0.150484922413793	0.992094827586207	0.99242816091954	0.992646551724138	0.99260632183908	0.992382183908046	0.99223275862069	0.992123563218391
0.151519053977273	0.991045454545455	0.991414772727273	0.991926136363636	0.992275568181818	0.992150568181818	0.991806818181818	0.992144886363636
0.152542387681159	0.994731884057971	0.99475	0.995152173913043	0.995463768115942	0.995409420289855	0.995398550724638	0.995166666666667
0.153615656140351	0.994319298245614	0.993649122807018	0.993557894736842	0.993989473684211	0.993214035087719	0.993147368421053	0.993031578947368
0.15450220212766	0.993797872340425	0.994035460992908	0.994191489361702	0.994347517730496	0.993829787234043	0.993879432624113	0.994127659574468
0.155376550143266	0.995040114613181	0.994799426934097	0.995040114613181	0.995378223495702	0.994939828080229	0.994045845272206	0.993785100286533
0.15647559566787	0.989371841155235	0.990202166064982	0.990592057761733	0.990537906137184	0.990256317689531	0.990364620938628	0.990458483754513
0.15746479338843	0.991619834710744	0.99232782369146	0.992520661157025	0.992818181818182	0.992870523415978	0.992911845730028	0.992776859504132
0.15853981595092	0.995463190184049	0.994947852760736	0.99511963190184	0.995282208588957	0.99532208588957	0.995346625766871	0.995187116564417
0.159563594594595	0.996571428571429	0.996610038610039	0.996826254826255	0.99672972972973	0.996667953667954	0.996243243243243	0.996455598455599
0.16060524	0.997981333333333	0.997797333333333	0.997429333333333	0.997501333333333	0.99744	0.997530666666667	0.997456
0.161487465909091	0.995882575757576	0.995973484848485	0.995897727272727	0.995609848484848	0.995731060606061	0.995719696969697	0.995689393939394
0.162392589361702	0.996765957446809	0.996882978723404	0.996929787234043	0.996834042553192	0.996795744680851	0.996604255319149	0.996521276595745
0.163410226708075	0.996993788819876	0.996624223602484	0.996760869565217	0.996937888198758	0.996953416149068	0.99716149068323	0.997077639751553
0.164403223728814	0.996491525423729	0.995962711864407	0.995894915254237	0.996132203389831	0.995705084745763	0.995779661016949	0.995894915254237
0.165510774647887	0.994	0.992654929577465	0.99305985915493	0.993260563380282	0.993161971830986	0.993133802816901	0.993352112676056
0.166546032142857	0.993921428571429	0.992132142857143	0.992089285714286	0.992289285714286	0.992067857142857	0.992382142857143	0.992671428571429
0.167596614925373	0.988531343283582	0.988761194029851	0.988970149253731	0.989188059701492	0.989205970149254	0.989474626865672	0.989579104477612
0.168512874125874	0.995031468531469	0.994695804195804	0.994972027972028	0.994734265734266	0.994776223776224	0.995122377622378	0.995101398601399
0.169475833333333	0.994352380952381	0.994709523809524	0.994880952380952	0.994814285714286	0.994319047619048	0.994414285714286	0.9944
0.170436938271605	0.995008230452675	0.995395061728395	0.995555555555556	0.995510288065844	0.995320987654321	0.995139917695473	0.995320987654321
0.171496428571429	0.992826530612245	0.993612244897959	0.994738095238095	0.994836734693878	0.994765306122449	0.994387755102041	0.994945578231292
0.172467	0.981401360544218	0.980700680272109	0.980993197278912	0.981204081632653	0.981112244897959	0.981377551020408	0.981489795918367
0.173546596899225	0.993050387596899	0.993313953488372	0.993356589147287	0.993406976744186	0.993209302325581	0.992813953488372	0.992961240310077
0.174558456140351	0.996989473684211	0.996540350877193	0.996529824561403	0.996624561403509	0.996357894736842	0.99600701754386	0.995936842105263
0.175600136729223	0.991914209115281	0.991327077747989	0.991233243967828	0.9911581769437	0.991243967828418	0.990954423592493	0.991083109919571
0.17649314516129	0.995245161290323	0.994764516129032	0.994332258064516	0.993754838709677	0.993809677419355	0.9939	0.993709677419355
0.177432139158576	0.993511326860841	0.99357928802589	0.993200647249191	0.99273786407767	0.993310679611651	0.992974110032362	0.992909385113269
0.178468313793103	0.996927586206897	0.996413793103448	0.996337931034483	0.996358620689655	0.996406896551724	0.996427586206897	0.996458620689655
0.179525994428969	0.991587743732591	0.991323119777159	0.991696378830084	0.991986072423398	0.991846796657382	0.991548746518106	0.991136490250696
0.180489081534772	0.997151079136691	0.997213429256595	0.997187050359712	0.997165467625899	0.997136690647482	0.99710071942446	0.99710551558753
0.181590175925926	0.996061728395062	0.995077160493827	0.995376543209877	0.995524691358025	0.995256172839506	0.995287037037037	0.995046296296296
0.182560803076923	0.996104615384615	0.995529230769231	0.995726153846154	0.995775384615385	0.995649230769231	0.995289230769231	0.995424615384615
0.183542225255973	0.99057337883959	0.98957337883959	0.989887372013652	0.990744027303754	0.990638225255973	0.990184300341297	0.989890784982935
0.184383006289308	0.995767295597484	0.995707547169811	0.995949685534591	0.996053459119497	0.995962264150943	0.995748427672956	0.995531446540881
0.185497418326693	0.987649402390438	0.988693227091633	0.989386454183267	0.989705179282868	0.989306772908367	0.988717131474104	0.988107569721116
0.186507266393443	0.989405737704918	0.988299180327869	0.988516393442623	0.988639344262295	0.988881147540984	0.988959016393443	0.989368852459016
0.187541525462963	0.995314814814815	0.995541666666667	0.995724537037037	0.995729166666667	0.995886574074074	0.995837962962963	0.995578703703704
0.188584025936599	0.995599423631124	0.995971181556196	0.996443804034582	0.996510086455331	0.996504322766571	0.996533141210375	0.99663976945245
0.189551125	0.994103658536585	0.994051829268293	0.994030487804878	0.994548780487805	0.994615853658537	0.994417682926829	0.994484756097561
0.190544568075117	0.996431924882629	0.996488262910798	0.996403755868545	0.996215962441315	0.996408450704225	0.996159624413146	0.996145539906103
0.191422005763689	0.996521613832853	0.996884726224784	0.996731988472622	0.996893371757925	0.996737752161383	0.996809798270893	0.99678386167147
0.192511308383234	0.995838323353293	0.995880239520958	0.995964071856287	0.996002994011976	0.996125748502994	0.996110778443114	0.996074850299401
0.193457211604096	0.995931740614334	0.995348122866894	0.995378839590444	0.995600682593857	0.99557337883959	0.995365187713311	0.994969283276451
0.194545714285714	0.991714285714286	0.991526315789474	0.991515037593985	0.991954887218045	0.991894736842105	0.991714285714286	0.991586466165414
0.195567594017094	0.996162393162393	0.99532905982906	0.995042735042735	0.995153846153846	0.995269230769231	0.995649572649573	0.995423076923077
0.196638898496241	0.992654135338346	0.99184962406015	0.99187969924812	0.992071428571429	0.992112781954887	0.992011278195489	0.991823308270677
0.197526098540146	0.99806204379562	0.996328467153285	0.99628102189781	0.996164233576642	0.996244525547445	0.996729927007299	0.996620437956204
0.198423805921053	0.996128289473684	0.995927631578947	0.996184210526316	0.995884868421053	0.995901315789474	0.995875	0.995865131578947
0.199459246621622	0.996493243243243	0.995702702702703	0.996331081081081	0.996206081081081	0.996216216216216	0.996388513513514	0.996287162162162
0.200544721115538	0.994521912350598	0.994334661354582	0.994565737051793	0.994816733067729	0.994868525896414	0.994677290836653	0.994681274900398
0.201491938953488	0.99068023255814	0.990279069767442	0.990531976744186	0.990831395348837	0.990668604651163	0.99056976744186	0.990383720930233
0.202528731343284	0.993994029850746	0.994062686567164	0.99414328358209	0.994208955223881	0.994340298507463	0.994131343283582	0.994158208955224
0.203591926035503	0.995937869822485	0.99603550295858	0.996304733727811	0.996	0.996	0.996455621301775	0.996437869822485
0.204536629496403	0.994705035971223	0.994982014388489	0.995320143884892	0.995489208633094	0.995712230215827	0.995647482014388	0.995593525179856
0.205489952702703	0.996057432432432	0.995483108108108	0.995631756756757	0.99525	0.995202702702703	0.995219594594595	0.99514527027027
0.206443081168831	0.996912337662338	0.996698051948052	0.996685064935065	0.996652597402597	0.996538961038961	0.996616883116883	0.996561688311688
0.20748953525641	0.996775641025641	0.997009615384615	0.997192307692308	0.99724358974359	0.997041666666667	0.997326923076923	0.997326923076923
0.208502519031142	0.992553633217993	0.992425605536332	0.992439446366782	0.992442906574394	0.992557093425605	0.992484429065744	0.992595155709343
0.209549123745819	0.997090301003345	0.996682274247492	0.9968127090301	0.996785953177257	0.996638795986622	0.99676254180602	0.996735785953177
0.210590613496933	0.994052147239264	0.994070552147239	0.994196319018405	0.994134969325153	0.993978527607362	0.993463190184049	0.993573619631902
0.211503290322581	0.99558064516129	0.996040322580645	0.996209677419355	0.996133064516129	0.996229838709677	0.996217741935484	0.996092741935484
0.212430716783217	0.996573426573427	0.995881118881119	0.995986013986014	0.995884615384615	0.995839160839161	0.995632867132867	0.995566433566434
0.213456136363636	0.994388429752066	0.994322314049587	0.994276859504132	0.994297520661157	0.994132231404959	0.994053719008264	0.99401652892562
0.21451002745098	0.990486274509804	0.99043137254902	0.990611764705882	0.99056862745098	0.990643137254902	0.990298039215686	0.990537254901961
0.215535681355932	0.995535593220339	0.99535593220339	0.99568813559322	0.995854237288136	0.995905084745763	0.996003389830509	0.995949152542373
0.21653940192926	0.992864951768489	0.993524115755627	0.993694533762058	0.993672025723473	0.993813504823151	0.993681672025723	0.993733118971061
0.217607026865672	0.998262686567164	0.997576119402985	0.997313432835821	0.99735223880597	0.997486567164179	0.997411940298507	0.997313432835821
0.218537691011236	0.997370786516854	0.996859550561798	0.996578651685393	0.996634831460674	0.996595505617977	0.996297752808989	0.996101123595506
0.21943792	0.996414285714286	0.996488571428571	0.996422857142857	0.996402857142857	0.996488571428571	0.996502857142857	0.996482857142857
0.220446549180328	0.990143442622951	0.990786885245902	0.990831967213115	0.991196721311475	0.991274590163934	0.991516393442623	0.991336065573771
0.221457432786885	0.994531147540984	0.994013114754098	0.994	0.99404262295082	0.994075409836066	0.994144262295082	0.99412131147541
0.222550059190031	0.99683800623053	0.996554517133956	0.996719626168224	0.996682242990654	0.996688473520249	0.996629283489097	0.996847352024922
0.22349538	0.99173	0.99227	0.992266666666667	0.99211	0.99182	0.99179	0.9917
0.22459626984127	0.99715873015873	0.997309523809524	0.997027777777778	0.996924603174603	0.996892857142857	0.997007936507937	0.996988095238095
0.2255062	0.993721951219512	0.993604878048781	0.993531707317073	0.993858536585366	0.993790243902439	0.993829268292683	0.993892682926829
0.226489890282132	0.994987460815047	0.994498432601881	0.994683385579937	0.994564263322884	0.994630094043887	0.994742946708464	0.994824451410658
0.227461504237288	0.987389830508475	0.987864406779661	0.987487288135593	0.987411016949153	0.98725	0.987076271186441	0.987372881355932
0.228507728624535	0.996	0.995936802973978	0.99596282527881	0.996230483271375	0.99628624535316	0.996185873605948	0.996390334572491
0.229535366459627	0.996242236024845	0.995888198757764	0.9945	0.993925465838509	0.994183229813665	0.994496894409938	0.994394409937888
0.230505033444816	0.998110367892977	0.997715719063545	0.997789297658863	0.997698996655518	0.997384615384615	0.997170568561873	0.997160535117057
0.231554871794872	0.997564102564103	0.99767032967033	0.997655677655678	0.997626373626374	0.997509157509157	0.997505494505495	0.997520146520147
0.232483175141243	0.994350282485876	0.994152542372881	0.994180790960452	0.994598870056497	0.994129943502825	0.993847457627119	0.993728813559322
0.2334248828125	0.9860078125	0.98844921875	0.9900703125	0.98996875	0.98777734375	0.9865703125	0.984140625
0.234451508547009	0.993649572649573	0.994440170940171	0.994735042735043	0.994816239316239	0.994410256410256	0.994474358974359	0.994277777777778
0.235496008695652	0.9953	0.996217391304348	0.996491304347826	0.996265217391304	0.9962	0.99664347826087	0.996578260869565
0.23651380338983	0.99295593220339	0.99293220338983	0.993193220338983	0.993162711864407	0.993257627118644	0.993301694915254	0.993216949152542
0.237536493333333	0.995177777777778	0.995626666666667	0.995911111111111	0.99592	0.995968888888889	0.996004444444444	0.995968888888889
0.238609586206897	0.99251724137931	0.9929	0.992893103448276	0.993048275862069	0.993075862068965	0.992948275862069	0.992972413793103
0.239506219512195	0.996482926829268	0.996351219512195	0.996434146341463	0.996580487804878	0.995868292682927	0.995780487804878	0.995653658536585
0.240416914285714	0.996244897959184	0.996289795918367	0.996412244897959	0.996183673469388	0.996077551020408	0.995718367346939	0.995795918367347
0.241463317919075	0.995271676300578	0.994973988439306	0.994592485549133	0.99485549132948	0.994063583815029	0.994020231213873	0.993800578034682
0.242478287313433	0.992686567164179	0.992723880597015	0.992626865671642	0.99285447761194	0.993022388059701	0.99309328358209	0.993026119402985
0.243525400990099	0.995910891089109	0.995321782178218	0.995282178217822	0.995039603960396	0.995009900990099	0.995386138613861	0.995594059405941
0.244439870646766	0.995308457711443	0.995746268656716	0.995592039800995	0.995641791044776	0.995492537313433	0.995681592039801	0.995781094527363
0.245580737967914	0.996122994652406	0.99579679144385	0.995957219251337	0.996245989304813	0.996438502673797	0.996540106951872	0.996433155080214
0.24653318487395	0.995336134453782	0.99572268907563	0.995521008403361	0.995512605042017	0.99568487394958	0.995806722689076	0.995936974789916
0.247426525862069	0.991181034482759	0.991254310344828	0.991698275862069	0.991672413793103	0.991719827586207	0.991633620689655	0.991793103448276
0.248472363957597	0.992773851590106	0.993003533568905	0.994385159010601	0.994374558303887	0.994279151943463	0.994257950530035	0.994473498233216
0.249495741312741	0.99519305019305	0.995571428571429	0.996138996138996	0.996138996138996	0.996088803088803	0.995976833976834	0.995980694980695
0.250504158536585	0.995792682926829	0.995272357723577	0.995817073170732	0.995788617886179	0.995878048780488	0.995967479674797	0.996138211382114
0.25148138	0.991048	0.991412	0.99164	0.99176	0.991788	0.991528	0.991476
0.252514631768953	0.990335740072202	0.990490974729242	0.990642599277978	0.990678700361011	0.990501805054152	0.990314079422383	0.990324909747292
0.253485118483412	0.994739336492891	0.995469194312796	0.995843601895735	0.996085308056872	0.9959336492891	0.995682464454976	0.995815165876777
0.254428308943089	0.996105691056911	0.996792682926829	0.996886178861789	0.996617886178862	0.99680081300813	0.996565040650407	0.996715447154472
0.255458673228346	0.996267716535433	0.995334645669291	0.995220472440945	0.995523622047244	0.995708661417323	0.996137795275591	0.995929133858268
0.256501031496063	0.99392125984252	0.993338582677165	0.993535433070866	0.993633858267717	0.993610236220472	0.993602362204724	0.993511811023622
0.257520018656716	0.996085820895522	0.995667910447761	0.995940298507463	0.996067164179104	0.996033582089552	0.996123134328358	0.996089552238806
0.258565714801444	0.996768953068592	0.996942238267148	0.996703971119134	0.996830324909747	0.996978339350181	0.996819494584838	0.996805054151625
0.259553351851852	0.996807407407407	0.996948148148148	0.996774074074074	0.996907407407407	0.996977777777778	0.996955555555556	0.996888888888889
0.260519751381215	0.989403314917127	0.989596685082873	0.990171270718232	0.990154696132597	0.990171270718232	0.990204419889503	0.990138121546961
0.261479939622641	0.996890566037736	0.996388679245283	0.996452830188679	0.996592452830189	0.996633962264151	0.996656603773585	0.996524528301887
0.262488831932773	0.995668067226891	0.995382352941176	0.995831932773109	0.996071428571429	0.996252100840336	0.995949579831933	0.995957983193277
0.263461996078431	0.996843137254902	0.996388235294118	0.996137254901961	0.996227450980392	0.996192156862745	0.996258823529412	0.996235294117647
0.264549951388889	0.997003472222222	0.997013888888889	0.997197916666667	0.996930555555556	0.996899305555556	0.996697916666667	0.996458333333333
0.265572436734694	0.99754693877551	0.996848979591837	0.997208163265306	0.997363265306122	0.997432653061225	0.997567346938775	0.997551020408163
0.266544074380165	0.997123966942149	0.997	0.996896694214876	0.996842975206612	0.996805785123967	0.996549586776859	0.996603305785124
0.267513761904762	0.988339285714286	0.988464285714286	0.988488095238095	0.988857142857143	0.98875	0.98875	0.988880952380952
0.268446412429379	0.996158192090395	0.996090395480226	0.996576271186441	0.996542372881356	0.996581920903955	0.996683615819209	0.996672316384181
0.269476466981132	0.991674528301887	0.991646226415094	0.991735849056604	0.991561320754717	0.991702830188679	0.991589622641509	0.991410377358491
0.270515314285714	0.995695238095238	0.995852380952381	0.996266666666667	0.996204761904762	0.996219047619048	0.996266666666667	0.996314285714286
0.27149653024911	0.997427046263345	0.996818505338078	0.996921708185053	0.997024911032029	0.997046263345196	0.996886120996441	0.99667615658363
0.272521862204724	0.995933070866142	0.995885826771653	0.995870078740157	0.99551968503937	0.995523622047244	0.995507874015748	0.995582677165354
0.273545653429603	0.997054151624549	0.997342960288809	0.997317689530686	0.997469314079422	0.997574007220217	0.997458483754513	0.997418772563177
0.274493590425532	0.99618085106383	0.995978723404255	0.996606382978723	0.996563829787234	0.996345744680851	0.996393617021277	0.996585106382979
0.275437495327103	0.986710280373832	0.985280373831776	0.985093457943925	0.985275700934579	0.985317757009346	0.985196261682243	0.98518691588785
0.276389571428571	0.997695238095238	0.99767619047619	0.997866666666667	0.997871428571429	0.997690476190476	0.997628571428571	0.997595238095238
0.277464578125	0.996791666666667	0.996697916666667	0.996885416666667	0.99703125	0.996911458333333	0.997114583333333	0.996989583333333
0.278540024911032	0.991519572953737	0.990925266903915	0.990943060498221	0.991	0.990814946619217	0.990832740213523	0.990775800711744
0.279512168269231	0.994163461538462	0.993774038461538	0.993557692307692	0.993653846153846	0.993605769230769	0.993802884615385	0.993552884615385
0.280583394321767	0.989246056782334	0.989858044164038	0.988536277602524	0.988217665615142	0.987687697160883	0.988514195583596	0.988255520504732
0.28146480334728	0.99079079497908	0.991924686192469	0.990765690376569	0.990644351464435	0.990242677824268	0.990995815899582	0.990476987447699
0.282387256	0.992512	0.992316	0.992628	0.992464	0.9926	0.992872	0.992776
0.283450995744681	0.99743829787234	0.99731914893617	0.997042553191489	0.99696170212766	0.997034042553192	0.996876595744681	0.99676170212766
0.284462271604938	0.995666666666667	0.995855967078189	0.996082304526749	0.996106995884774	0.996127572016461	0.996086419753086	0.996213991769547
0.285536072727273	0.994218181818182	0.993763636363636	0.993741818181818	0.993432727272727	0.993370909090909	0.993156363636364	0.993189090909091
0.286506904564315	0.99556846473029	0.996145228215768	0.996153526970954	0.996145228215768	0.996406639004149	0.996377593360996	0.996398340248963
0.2876036	0.995275675675676	0.995021621621622	0.995118918918919	0.99527027027027	0.995275675675676	0.995156756756757	0.995167567567568
0.288490813432836	0.995082089552239	0.99455223880597	0.994776119402985	0.994649253731343	0.994574626865672	0.994723880597015	0.994410447761194
0.289466360655738	0.996322404371585	0.995508196721312	0.995180327868852	0.995295081967213	0.995245901639344	0.995049180327869	0.995092896174863
0.290429071428571	0.996521008403361	0.996386554621849	0.996478991596639	0.996731092436975	0.996663865546218	0.996785714285714	0.996827731092437
0.291500747572816	0.990407766990291	0.990296116504854	0.990398058252427	0.990349514563107	0.990330097087379	0.990533980582524	0.990631067961165
0.292540442307692	0.992346153846154	0.991740384615385	0.9916875	0.991557692307692	0.991456730769231	0.991653846153846	0.991740384615385
0.293575276859504	0.990392561983471	0.989599173553719	0.989925619834711	0.989925619834711	0.990012396694215	0.989826446280992	0.989946280991736
0.294560518072289	0.9964859437751	0.995787148594378	0.995582329317269	0.995706827309237	0.995670682730924	0.995855421686747	0.995927710843374
0.295496225490196	0.987387254901961	0.987357843137255	0.987647058823529	0.987563725490196	0.987602941176471	0.987725490196078	0.987632352941176
0.296461698181818	0.993429090909091	0.993421818181818	0.993596363636364	0.993516363636364	0.993512727272727	0.993541818181818	0.993407272727273
0.297414516224189	0.987710914454277	0.987224188790561	0.987454277286136	0.98747197640118	0.987451327433628	0.987740412979351	0.987899705014749
0.29853837815126	0.991668067226891	0.991752100840336	0.990894957983193	0.991289915966387	0.990966386554622	0.990600840336134	0.990424369747899
0.29949425106383	0.99343829787234	0.993097872340426	0.992851063829787	0.992846808510638	0.992957446808511	0.99308085106383	0.992927659574468
0.300507549019608	0.997289215686274	0.997142156862745	0.997235294117647	0.997210784313725	0.997230392156863	0.997308823529412	0.997490196078431
0.301549432038835	0.993033980582524	0.992728155339806	0.992276699029126	0.992378640776699	0.992252427184466	0.992126213592233	0.99218932038835
0.302548841346154	0.987350961538462	0.987822115384615	0.9876875	0.987975961538462	0.987942307692308	0.987908653846154	0.987932692307692
0.303410820388349	0.992776699029126	0.993009708737864	0.992796116504854	0.992893203883495	0.992796116504854	0.992771844660194	0.992616504854369
0.304430266990291	0.993825242718447	0.993373786407767	0.993538834951456	0.993640776699029	0.99347572815534	0.993461165048544	0.993364077669903
0.30547954787234	0.996824468085106	0.995909574468085	0.995898936170213	0.995760638297872	0.99586170212766	0.99611170212766	0.996090425531915
0.306571480686695	0.99106008583691	0.991115879828326	0.990982832618026	0.990892703862661	0.990944206008584	0.990669527896996	0.990652360515021
0.307519790035587	0.990978647686833	0.992085409252669	0.99170462633452	0.991661921708185	0.991711743772242	0.992185053380783	0.9914128113879
0.308541385496183	0.982958015267176	0.984591603053435	0.984072519083969	0.983606870229008	0.983770992366412	0.984992366412214	0.984011450381679
0.309529845714286	0.996571428571429	0.996565714285714	0.996634285714286	0.996628571428571	0.996548571428571	0.996274285714286	0.996217142857143
0.310438602996255	0.994299625468165	0.993651685393258	0.993651685393258	0.993647940074906	0.99350936329588	0.993606741573034	0.993498127340824
0.311504879464286	0.993526785714286	0.99259375	0.9923125	0.992392857142857	0.992401785714286	0.992133928571429	0.991955357142857
0.312469087804878	0.997282926829268	0.997078048780488	0.997175609756098	0.997039024390244	0.997014634146342	0.997087804878049	0.996960975609756
0.31347762633452	0.997594306049822	0.997455516014235	0.997672597864769	0.997476868327402	0.997402135231317	0.997480427046263	0.997480427046263
0.31451243902439	0.997420731707317	0.996896341463415	0.99680487804878	0.996695121951219	0.996560975609756	0.996670731707317	0.996634146341463
0.315582593886463	0.992445414847162	0.992493449781659	0.992759825327511	0.992986899563319	0.993100436681223	0.993078602620087	0.993096069868996
0.31648584137931	0.996993103448276	0.996020689655172	0.996110344827586	0.996268965517241	0.996565517241379	0.996841379310345	0.996496551724138
0.317389238866397	0.995461538461539	0.99504048582996	0.995263157894737	0.995210526315789	0.995105263157895	0.995271255060729	0.995234817813765
0.318485536082474	0.997211340206186	0.997567010309278	0.997082474226804	0.997221649484536	0.997221649484536	0.997474226804124	0.997479381443299
0.319479	0.986208737864078	0.986733009708738	0.9865	0.986514563106796	0.986485436893204	0.986907766990291	0.986742718446602
0.320491398305085	0.991177966101695	0.990156779661017	0.990338983050847	0.990775423728814	0.990728813559322	0.990745762711864	0.990851694915254
0.32153113215859	0.995687224669604	0.995973568281938	0.996167400881057	0.996356828193833	0.996251101321586	0.996189427312775	0.995819383259912
0.322523518867925	0.99438679245283	0.99525	0.995509433962264	0.995825471698113	0.995825471698113	0.996084905660377	0.996080188679245
0.32348876	0.999075	0.9983	0.998515	0.9985	0.998415	0.99849	0.99841
0.324458845360825	0.987989690721649	0.987917525773196	0.987896907216495	0.987757731958763	0.987814432989691	0.987840206185567	0.987876288659794
0.325435055299539	0.996336405529954	0.996926267281106	0.996732718894009	0.996442396313364	0.996635944700461	0.996276497695853	0.996202764976958
0.326465228346457	0.996665354330709	0.996653543307087	0.996574803149606	0.996696850393701	0.996566929133858	0.996377952755905	0.996429133858268
0.327516855072464	0.997981884057971	0.998224637681159	0.998369565217391	0.998322463768116	0.998355072463768	0.998329710144928	0.998152173913043
0.328470691943128	0.998009478672986	0.998113744075829	0.998094786729858	0.998014218009479	0.998052132701422	0.997843601895735	0.997890995260663
0.329526956140351	0.993627192982456	0.99369298245614	0.993732456140351	0.993679824561403	0.993583333333333	0.993644736842105	0.9935
0.330592155555556	0.990893333333333	0.991755555555556	0.99144	0.991755555555556	0.991737777777778	0.991622222222222	0.99168
0.331501548913044	0.992119565217391	0.992608695652174	0.992483695652174	0.992619565217391	0.992358695652174	0.992190217391304	0.99225
0.332417918439716	0.995390070921986	0.995514184397163	0.995570921985816	0.995702127659574	0.995804964539007	0.996024822695035	0.995936170212766
0.333453972972973	0.997536036036036	0.996418918918919	0.996171171171171	0.996058558558559	0.996130630630631	0.995986486486486	0.995995495495495
0.334487640909091	0.997295454545455	0.997695454545454	0.997472727272727	0.997472727272727	0.997468181818182	0.997290909090909	0.997045454545455
0.335521731843575	0.996519553072626	0.995865921787709	0.99595530726257	0.996128491620112	0.996117318435754	0.995927374301676	0.996011173184358
0.336526149700599	0.995832335329341	0.995239520958084	0.995455089820359	0.995323353293413	0.995467065868264	0.995544910179641	0.995443113772455
0.337571850299401	0.995550898203593	0.995023952095808	0.995425149700599	0.99562874251497	0.995491017964072	0.995389221556886	0.995269461077844
0.338517691056911	0.99769918699187	0.997162601626016	0.997243902439024	0.996934959349594	0.997032520325203	0.996926829268293	0.996991869918699
0.339455186046512	0.996953488372093	0.996401162790698	0.997	0.996843023255814	0.996808139534884	0.997029069767442	0.997040697674419
0.340519741935484	0.995317204301075	0.994	0.99447311827957	0.9945	0.994478494623656	0.994704301075269	0.995032258064516
0.341532120996441	0.997975088967971	0.997512455516014	0.997918149466192	0.997626334519573	0.997889679715303	0.99797153024911	0.997985765124555
0.342509520737327	0.996018433179723	0.99621198156682	0.996230414746544	0.996304147465438	0.996382488479263	0.996405529953917	0.996497695852535
0.3434963	0.99656	0.9967	0.996775	0.99686	0.996955	0.99661	0.996755
0.344640295275591	0.996787401574803	0.996606299212598	0.996665354330709	0.996637795275591	0.996811023622047	0.996535433070866	0.996413385826772
0.345529996168582	0.99344061302682	0.993026819923372	0.993260536398467	0.993195402298851	0.993229885057471	0.992988505747126	0.993088122605364
0.346415061151079	0.997327338129496	0.997352517985612	0.997881294964029	0.998075539568345	0.998125899280575	0.997888489208633	0.997884892086331
0.347444333333333	0.996550505050505	0.996212121212121	0.996146464646465	0.996358585858586	0.996550505050505	0.996454545454545	0.996570707070707
0.348511614285714	0.996314285714286	0.996252380952381	0.996333333333333	0.996528571428571	0.996452380952381	0.996419047619048	0.99617619047619
0.349465142857143	0.997268571428571	0.996788571428571	0.997125714285714	0.997331428571429	0.997388571428571	0.99716	0.997228571428571
0.350507023696682	0.992668246445498	0.992800947867299	0.992744075829384	0.992635071090047	0.992796208530806	0.992829383886256	0.992909952606635
0.35159321719457	0.995547511312217	0.995411764705882	0.995873303167421	0.995714932126697	0.995850678733032	0.996090497737557	0.99606334841629
0.352547004761905	0.995885714285714	0.996504761904762	0.996885714285714	0.996742857142857	0.996795238095238	0.996980952380952	0.996990476190476
0.353416551440329	0.996304526748971	0.997156378600823	0.997427983539095	0.99743621399177	0.997543209876543	0.997567901234568	0.997600823045268
0.354472875647668	0.99560621761658	0.99500518134715	0.995632124352332	0.995611398963731	0.995740932642487	0.99580310880829	0.996046632124352
0.355485893719807	0.994990338164251	0.995294685990338	0.995463768115942	0.995618357487923	0.995550724637681	0.995850241545894	0.995671497584541
0.35652305982906	0.99674358974359	0.997089743589744	0.997316239316239	0.997371794871795	0.997452991452991	0.997239316239316	0.997299145299145
0.3575873125	0.996647727272727	0.995715909090909	0.996335227272727	0.996375	0.996210227272727	0.996392045454545	0.996488636363636
0.358555619512195	0.989726829268293	0.989478048780488	0.989521951219512	0.989536585365854	0.989560975609756	0.989395121951219	0.98920487804878
0.359537771428571	0.992307142857143	0.992721428571429	0.993292857142857	0.9934	0.993371428571429	0.993607142857143	0.993485714285714
0.360426530612245	0.996280612244898	0.996372448979592	0.99630612244898	0.996494897959184	0.996642857142857	0.996459183673469	0.996357142857143
0.361479152173913	0.99725	0.997427536231884	0.997510869565217	0.997221014492754	0.997184782608696	0.997311594202898	0.997376811594203
0.362487325806452	0.9947	0.994006451612903	0.994303225806452	0.994274193548387	0.994293548387097	0.994283870967742	0.9943
0.363475521276596	0.997205673758865	0.997443262411348	0.997716312056738	0.997829787234043	0.997946808510638	0.997971631205674	0.997748226950355
0.364589555045872	0.996564220183486	0.996862385321101	0.997192660550459	0.997266055045872	0.996949541284404	0.997224770642202	0.997133027522936
0.365534066929134	0.994708661417323	0.995677165354331	0.995787401574803	0.995830708661417	0.995720472440945	0.99588188976378	0.995661417322835
0.366514517482518	0.996118881118881	0.995958041958042	0.996321678321678	0.996	0.995923076923077	0.995741258741259	0.995601398601399
0.367512570815451	0.996527896995708	0.996888412017167	0.997068669527897	0.99706008583691	0.997236051502146	0.997248927038627	0.997244635193133
0.368449338461538	0.99045641025641	0.98988717948718	0.989733333333333	0.989635897435897	0.989897435897436	0.989584615384615	0.989389743589744
0.369487324324324	0.992626126126126	0.992657657657658	0.992932432432432	0.992981981981982	0.992963963963964	0.993189189189189	0.993283783783784
0.370518154205607	0.993607476635514	0.994401869158879	0.995196261682243	0.995327102803738	0.995303738317757	0.995443925233645	0.995514018691589
0.371567554945055	0.995967032967033	0.994626373626374	0.99493956043956	0.995032967032967	0.994923076923077	0.994956043956044	0.994774725274725
0.372636618357488	0.9966038647343	0.996057971014493	0.996497584541063	0.996497584541063	0.996275362318841	0.996497584541063	0.996729468599034
0.373503202702703	0.989574324324324	0.989263513513513	0.989608108108108	0.989621621621622	0.989736486486486	0.989459459459459	0.98947972972973
0.374422827309237	0.995184738955823	0.994642570281124	0.994489959839357	0.994453815261044	0.994658634538153	0.994642570281124	0.994658634538153
0.375469273648649	0.99722972972973	0.99660472972973	0.996533783783784	0.996554054054054	0.996614864864865	0.996493243243243	0.996442567567568
0.376503242990654	0.992079439252336	0.991995327102804	0.991817757009346	0.992009345794392	0.99192523364486	0.991920560747664	0.991873831775701
0.377553650717703	0.996727272727273	0.996181818181818	0.995808612440191	0.995602870813397	0.995411483253589	0.995287081339713	0.995282296650718
0.378535146067416	0.997073033707865	0.996994382022472	0.996921348314607	0.99676404494382	0.996483146067416	0.996460674157303	0.996258426966292
0.379583227272727	0.991346590909091	0.990965909090909	0.991284090909091	0.991357954545455	0.991045454545455	0.990926136363636	0.9909375
0.38050857	0.996415	0.99652	0.99585	0.9955	0.99536	0.99542	0.99545
0.381399761658031	0.972549222797927	0.97160621761658	0.971813471502591	0.971735751295337	0.972020725388601	0.972150259067358	0.972
0.382477305019305	0.993316602316602	0.993204633204633	0.993374517374517	0.993540540540541	0.993374517374517	0.993046332046332	0.992857142857143
0.3834771352657	0.996410628019324	0.995869565217391	0.99592270531401	0.995927536231884	0.996004830917874	0.995811594202899	0.995734299516908
0.38456877254902	0.996694117647059	0.997160784313725	0.997580392156863	0.997517647058824	0.997701960784314	0.997592156862745	0.997737254901961
0.385602893258427	0.985898876404494	0.985983146067416	0.986075842696629	0.986297752808989	0.986247191011236	0.986334269662921	0.986373595505618
0.386595501628665	0.993908794788274	0.993788273615635	0.993947882736156	0.993869706840391	0.993798045602606	0.993843648208469	0.99371986970684
0.387452331818182	0.997468181818182	0.997513636363636	0.997363636363636	0.9974	0.997313636363636	0.997486363636364	0.997522727272727
0.388402741626794	0.993818181818182	0.993918660287081	0.993698564593301	0.994004784688995	0.994124401913876	0.994129186602871	0.994239234449761
0.389470401315789	0.987394736842105	0.987657894736842	0.987855263157895	0.988144736842105	0.988328947368421	0.988789473684211	0.988782894736842
0.390530242009132	0.994470319634703	0.994958904109589	0.995333333333333	0.995570776255708	0.995598173515982	0.995150684931507	0.995337899543379
0.391557544680851	0.997706382978723	0.997374468085106	0.99756170212766	0.997531914893617	0.997310638297872	0.997293617021277	0.997097872340426
0.392516074509804	0.997725490196078	0.997478431372549	0.997490196078431	0.997560784313726	0.997658823529412	0.997545098039216	0.99741568627451
0.393521086956522	0.994874396135266	0.994898550724638	0.995207729468599	0.994710144927536	0.994666666666667	0.994507246376812	0.994410628019324
0.394538463157895	0.989647368421053	0.990336842105263	0.990763157894737	0.991142105263158	0.991036842105263	0.990873684210526	0.990747368421053
0.395409943965517	0.992314655172414	0.992293103448276	0.991961206896552	0.992155172413793	0.991987068965517	0.991900862068966	0.991625
0.396459730434783	0.994373913043478	0.994678260869565	0.994504347826087	0.994652173913044	0.994234782608696	0.99424347826087	0.994052173913043
0.397503565517241	0.992548275862069	0.992858620689655	0.992879310344828	0.992803448275862	0.992713793103448	0.992772413793103	0.992931034482759
0.398500625386997	0.997452012383901	0.997544891640867	0.997523219814242	0.99766253869969	0.997650154798762	0.997414860681115	0.997396284829721
0.399520961038961	0.99182683982684	0.991463203463203	0.991588744588745	0.991623376623377	0.991493506493507	0.991575757575758	0.99169696969697
0.400603662162162	0.998310810810811	0.997594594594595	0.997869369369369	0.997684684684685	0.997662162162162	0.997626126126126	0.997603603603604
0.401483528	0.996248	0.99572	0.995752	0.996	0.99592	0.995536	0.995464
0.402416819354839	0.995883870967742	0.99561935483871	0.995238709677419	0.995393548387097	0.995451612903226	0.995593548387097	0.995406451612903
0.403455265873016	0.991007936507937	0.990373015873016	0.990301587301587	0.99097619047619	0.99102380952381	0.991246031746032	0.990972222222222
0.404557651933702	0.985591160220994	0.984685082872928	0.983593922651934	0.984850828729282	0.984577348066298	0.985707182320442	0.984718232044199
0.405460902439024	0.992487804878049	0.992616724738676	0.992620209059233	0.992864111498258	0.992557491289199	0.992728222996516	0.992763066202091
0.406542863247863	0.991230769230769	0.991307692307692	0.991769230769231	0.99198717948718	0.992055555555556	0.992200854700855	0.992136752136752
0.407607053398058	0.990043689320388	0.989728155339806	0.990208737864078	0.990310679611651	0.990131067961165	0.99002427184466	0.98997572815534
0.408496524064171	0.990935828877005	0.99016577540107	0.989919786096257	0.989855614973262	0.990010695187166	0.990272727272727	0.990668449197861
0.409421356020942	0.998225130890052	0.997837696335079	0.997696335078534	0.997659685863874	0.997675392670157	0.997575916230366	0.997507853403141
0.410482644859813	0.98803738317757	0.987757009345794	0.987467289719626	0.987378504672897	0.987467289719626	0.987514018691589	0.987383177570093
0.411494698412698	0.997051587301587	0.997373015873016	0.997595238095238	0.997761904761905	0.997865079365079	0.997996031746032	0.997916666666667
0.412505333333333	0.98741095890411	0.98765296803653	0.987785388127854	0.987662100456621	0.987657534246575	0.987342465753425	0.987433789954338
0.413529986111111	0.987361111111111	0.987689814814815	0.987699074074074	0.987703703703704	0.988055555555556	0.987939814814815	0.987689814814815
0.414605510869565	0.991130434782609	0.991608695652174	0.991614130434783	0.99145652173913	0.991434782608696	0.991429347826087	0.99145652173913
0.415494949044586	0.994624203821656	0.994592356687898	0.994789808917197	0.994433121019108	0.994184713375796	0.99412101910828	0.993987261146497
0.416437080645161	0.99644623655914	0.996268817204301	0.99641935483871	0.996548387096774	0.996586021505376	0.996354838709677	0.996408602150538
0.41746881981982	0.99695045045045	0.996414414414414	0.996792792792793	0.996972972972973	0.996815315315315	0.996815315315315	0.996927927927928
0.418519339055794	0.998416309012875	0.998188841201717	0.998274678111588	0.997995708154506	0.998047210300429	0.997991416309013	0.99793991416309
0.419637117437722	0.99802846975089	0.997935943060498	0.997914590747331	0.997946619217082	0.997893238434164	0.99791103202847	0.997982206405694
0.420526152249135	0.996993079584775	0.997373702422145	0.997629757785467	0.997653979238754	0.997685121107266	0.997647058823529	0.997712802768166
0.42158627173913	0.989815217391304	0.990423913043478	0.990641304347826	0.99058152173913	0.990684782608696	0.990722826086956	0.99066847826087
0.422513636363636	0.98989696969697	0.989521212121212	0.990278787878788	0.990266666666667	0.990345454545455	0.99010303030303	0.99009696969697
0.423413880382775	0.99755023923445	0.996760765550239	0.996526315789474	0.996444976076555	0.996311004784689	0.995952153110048	0.99588995215311
0.42442999122807	0.996679824561403	0.996820175438596	0.997074561403509	0.99705701754386	0.997131578947368	0.997026315789474	0.997131578947368
0.425484976525822	0.983680751173709	0.983291079812207	0.983539906103286	0.983511737089202	0.983408450704225	0.983441314553991	0.983380281690141
0.426512151685393	0.994691011235955	0.994679775280899	0.994876404494382	0.995168539325843	0.99523595505618	0.995247191011236	0.995095505617978
0.427574974874372	0.998412060301508	0.997914572864322	0.998090452261307	0.99808040201005	0.998100502512563	0.998145728643216	0.997924623115578
0.4285855	0.997010309278351	0.996835051546392	0.996783505154639	0.996865979381443	0.996963917525773	0.997185567010309	0.997216494845361
0.429497809210526	0.996789473684211	0.995875	0.995375	0.995638157894737	0.995802631578947	0.995736842105263	0.995717105263158
0.430413616161616	0.996242424242424	0.996575757575758	0.996782828282828	0.99660101010101	0.996580808080808	0.996676767676768	0.99670202020202
0.431461497584541	0.995903381642512	0.994990338164251	0.995555555555556	0.995787439613527	0.99595652173913	0.996125603864734	0.995995169082126
0.432504870588235	0.99743137254902	0.997462745098039	0.997729411764706	0.997913725490196	0.997694117647059	0.997796078431373	0.997709803921569
0.433510494444444	0.995816666666667	0.995688888888889	0.996011111111111	0.9959	0.995955555555556	0.996222222222222	0.996188888888889
0.434588163090129	0.9968669527897	0.996793991416309	0.997064377682403	0.997090128755365	0.996892703862661	0.996927038626609	0.996871244635193
0.435515903930131	0.992672489082969	0.992908296943231	0.993061135371179	0.993087336244541	0.993131004366812	0.992873362445415	0.992882096069869
0.436523615853659	0.997146341463415	0.99705487804878	0.997128048780488	0.997067073170732	0.997109756097561	0.997134146341463	0.997109756097561
0.437402268382353	0.997128676470588	0.997143382352941	0.997496323529412	0.997492647058824	0.997356617647059	0.997283088235294	0.997165441176471
0.438464794964029	0.996161870503597	0.995838129496403	0.996179856115108	0.996154676258993	0.996107913669065	0.996284172661871	0.996140287769784
0.439414364864865	0.996990990990991	0.996914414414414	0.997247747747748	0.997328828828829	0.997310810810811	0.997040540540541	0.996945945945946
0.440536402985075	0.989458955223881	0.989171641791045	0.989089552238806	0.989227611940299	0.98935447761194	0.98944776119403	0.989373134328358
0.44151174	0.997606666666667	0.997776666666667	0.99784	0.99785	0.997846666666667	0.997913333333333	0.99783
0.44258971192053	0.997413907284768	0.99758940397351	0.997655629139073	0.997784768211921	0.997718543046358	0.997433774834437	0.997192052980132
0.44343493258427	0.997213483146067	0.996859550561798	0.996825842696629	0.99673595505618	0.99688202247191	0.996837078651685	0.996960674157303
0.44443174537037	0.997902777777778	0.997949074074074	0.998087962962963	0.997967592592593	0.998064814814815	0.998060185185185	0.997986111111111
0.445404020325203	0.98709756097561	0.987191056910569	0.987284552845528	0.987182926829268	0.987065040650406	0.98719918699187	0.987060975609756
0.446442178403756	0.992262910798122	0.992084507042253	0.992370892018779	0.992206572769953	0.992361502347418	0.992098591549296	0.992169014084507
0.447519531818182	0.997318181818182	0.997331818181818	0.997627272727273	0.997522727272727	0.997309090909091	0.997359090909091	0.997331818181818
0.448556295566502	0.986527093596059	0.986290640394089	0.986206896551724	0.986147783251232	0.98623645320197	0.98587684729064	0.985738916256158
0.449583987804878	0.996719512195122	0.996567073170732	0.996445121951219	0.996786585365854	0.996817073170732	0.996176829268293	0.996426829268293
0.450455951219512	0.997969512195122	0.998091463414634	0.998207317073171	0.997981707317073	0.99805487804878	0.998182926829268	0.99815243902439
0.451417874458874	0.992324675324675	0.992363636363636	0.992419913419913	0.992350649350649	0.992471861471862	0.992285714285714	0.992411255411255
0.452456620689655	0.997172413793103	0.996822660098522	0.996802955665025	0.996827586206897	0.996862068965517	0.996615763546798	0.996615763546798
0.453535071428571	0.996491071428571	0.99653125	0.996419642857143	0.996446428571429	0.996397321428571	0.996263392857143	0.996040178571429
0.454520881188119	0.996405940594059	0.99620297029703	0.996534653465347	0.996579207920792	0.996549504950495	0.99630198019802	0.9965
0.455510813829787	0.997776595744681	0.997978723404255	0.997877659574468	0.997771276595745	0.99768085106383	0.997515957446809	0.997542553191489
0.456595717171717	0.996449494949495	0.996191919191919	0.995929292929293	0.995737373737374	0.995823232323232	0.995656565656566	0.995717171717172
0.457494490566038	0.996446540880503	0.996201257861635	0.996006289308176	0.995823899371069	0.995748427672956	0.995647798742138	0.995603773584906
0.458439735849057	0.995	0.995693396226415	0.995825471698113	0.995754716981132	0.995891509433962	0.995919811320755	0.99602358490566
0.459497847682119	0.998897350993378	0.998341059602649	0.998132450331126	0.99823178807947	0.998241721854305	0.998056291390728	0.998175496688742
0.460455105263158	0.996885167464115	0.995708133971292	0.996081339712919	0.996210526315789	0.996138755980861	0.995985645933014	0.996033492822966
0.461521415384615	0.997666666666667	0.997728205128205	0.997564102564103	0.997687179487179	0.997892307692308	0.997625641025641	0.997682051282051
0.462519420560748	0.998158878504673	0.997378504672897	0.99746261682243	0.997630841121495	0.997579439252336	0.997668224299065	0.997733644859813
0.46353711790393	0.99707423580786	0.997379912663755	0.997279475982533	0.997187772925764	0.99725327510917	0.997183406113537	0.997288209606987
0.464492424242424	0.997159090909091	0.996090909090909	0.996265151515151	0.996166666666667	0.996098484848485	0.996030303030303	0.995969696969697
0.465437082417582	0.994049450549451	0.99293956043956	0.992873626373626	0.993148351648352	0.993230769230769	0.993291208791209	0.993510989010989
0.46645432642487	0.997424870466321	0.997279792746114	0.997616580310881	0.997507772020725	0.997466321243523	0.99720207253886	0.997316062176166
0.467485153846154	0.995038461538462	0.994626373626374	0.995142857142857	0.995587912087912	0.995582417582418	0.995703296703297	0.995824175824176
0.468525471962617	0.997285046728972	0.997196261682243	0.997378504672897	0.997392523364486	0.997364485981308	0.997289719626168	0.997158878504673
0.469541497854077	0.995828326180258	0.996154506437768	0.995965665236051	0.996124463519313	0.99619313304721	0.996141630901288	0.99637339055794
0.470570539568345	0.980187050359712	0.979974820143885	0.979863309352518	0.980143884892086	0.980251798561151	0.980136690647482	0.980165467625899
0.471476588235294	0.995847058823529	0.995982352941176	0.995958823529412	0.995882352941176	0.995823529411765	0.995829411764706	0.995705882352941
0.472401148514851	0.992910891089109	0.99280198019802	0.992821782178218	0.992990099009901	0.992915841584158	0.992826732673267	0.992638613861386
0.473408530232558	0.998204651162791	0.998255813953488	0.998116279069767	0.998046511627907	0.997925581395349	0.99766511627907	0.997525581395349
0.474448671957672	0.991550264550265	0.991772486772487	0.9915291005291	0.991365079365079	0.991238095238095	0.991026455026455	0.991005291005291
0.475513960352423	0.99657268722467	0.996440528634361	0.996691629955947	0.996594713656388	0.996647577092511	0.996462555066079	0.996616740088106
0.476551199170125	0.996323651452282	0.996792531120332	0.996946058091286	0.996875518672199	0.996850622406639	0.996734439834025	0.996892116182573
0.4775841484375	0.988265625	0.98840625	0.98840234375	0.98833203125	0.9883125	0.988296875	0.988328125
0.478488956730769	0.991923076923077	0.992192307692308	0.992192307692308	0.99225	0.992115384615385	0.991875	0.991990384615385
0.479401833333333	0.99609756097561	0.996369918699187	0.996536585365854	0.996471544715447	0.996605691056911	0.996536585365854	0.996634146341463
0.480361979919679	0.995815261044177	0.995987951807229	0.995803212851406	0.995919678714859	0.996064257028112	0.995911646586345	0.995907630522088
0.48151166	0.994936	0.995088	0.995456	0.995424	0.99522	0.994992	0.995084
0.482537926724138	0.993137931034483	0.992875	0.99301724137931	0.993094827586207	0.993137931034483	0.993116379310345	0.993073275862069
0.48353789539749	0.993179916317992	0.992577405857741	0.992861924686192	0.993037656903766	0.993112970711297	0.993259414225941	0.99336820083682
0.484550437869822	0.996863905325444	0.996076923076923	0.996319526627219	0.996360946745562	0.996473372781065	0.996443786982249	0.996656804733728
0.485520290322581	0.996	0.995735483870968	0.99598064516129	0.995812903225806	0.995503225806452	0.994916129032258	0.994748387096774
0.486432071856287	0.996520958083832	0.995347305389222	0.995461077844311	0.995880239520958	0.995760479041916	0.995676646706587	0.995640718562874
0.487457254658385	0.995726708074534	0.995354037267081	0.995310559006211	0.995453416149068	0.995204968944099	0.995236024844721	0.995459627329193
0.48847802739726	0.995945205479452	0.996130136986301	0.995650684931507	0.995520547945206	0.995458904109589	0.995301369863014	0.995568493150685
0.48954762173913	0.997586956521739	0.997647826086957	0.997817391304348	0.997878260869565	0.997947826086957	0.997847826086957	0.997726086956522
0.49054612109375	0.99326953125	0.99342578125	0.99340625	0.99366796875	0.99358203125	0.99321484375	0.99318359375
0.491554161825726	0.988697095435685	0.989639004149378	0.989593360995851	0.99001244813278	0.98946887966805	0.98901244813278	0.988813278008299
0.492493808917197	0.983675159235669	0.983452229299363	0.983687898089172	0.984343949044586	0.983987261146497	0.984057324840764	0.983942675159236
0.493432683615819	0.993830508474576	0.994621468926554	0.994621468926554	0.995050847457627	0.994864406779661	0.994949152542373	0.994779661016949
0.494438553278689	0.996377049180328	0.996360655737705	0.996668032786885	0.996745901639344	0.996709016393443	0.996598360655738	0.996430327868852
0.49544474137931	0.997323275862069	0.997775862068966	0.997793103448276	0.997724137931034	0.997793103448276	0.997685344827586	0.99760775862069
0.496499800738007	0.993789667896679	0.993974169741697	0.993922509225092	0.993845018450184	0.993870848708487	0.993612546125461	0.993686346863469
0.497404400684931	0.991626712328767	0.991914383561644	0.99208904109589	0.992085616438356	0.992102739726027	0.991924657534247	0.992304794520548
0.498525179104478	0.990457711442786	0.990865671641791	0.991084577114428	0.991213930348259	0.991213930348259	0.991243781094527	0.991144278606965
0.499550080246914	0.989654320987654	0.989444444444444	0.989882716049383	0.990092592592593	0.990154320987654	0.990074074074074	0.990253086419753
