HO_1000G	HO_HRC	HO_TOPMed	MAF
0.0534555239366605	0.167937589081626	0.265237562461506	0.000206010809125724
0.103192128883435	0.281106518896698	0.406950022752572	0.000411996536885639
0.149400263577175	0.356321721513012	0.482760872558469	0.000699508386725152
0.189896387110774	0.43354941955083	0.552031572095042	0.00102999173296083
0.223535548979437	0.490816829804993	0.593142499430913	0.00132832710774717
0.251964519505972	0.539355985660012	0.627096045258246	0.00174359366322982
0.302306644698622	0.619898858106113	0.68004272975178	0.00243225448773504
0.364979917042025	0.707091288943704	0.739857109695391	0.00347604222633599
0.408363212396259	0.760643632625429	0.779389088082642	0.00450995900436903
0.459802119377163	0.804309039792388	0.81659354918438	0.00554564158466696
0.493721555647497	0.829540752999586	0.839165287546545	0.00651838454814853
0.523924347555074	0.846912608194041	0.85941746086424	0.00743709089431294
0.559209186559566	0.862620205905645	0.875975789116416	0.0084357380135762
0.583509406427461	0.877345261888899	0.893404397068621	0.0094655544418007
0.602206650814693	0.88817344584026	0.901647623256108	0.0104977385588732
0.629203446030857	0.895006586218905	0.911858222175118	0.0115264531523006
0.644857280755976	0.899897543586313	0.918856213854478	0.0125545337310223
0.656542568181107	0.905271837262945	0.925259103860726	0.0135188854265168
0.682516270770373	0.91072994131177	0.93245180654544	0.014449010420513
0.697371601208459	0.916082578046324	0.939214501510574	0.0154426430996979
0.712458904402032	0.919612740702788	0.940555484394347	0.016469530228214
0.729133999372788	0.924432149097263	0.948613413377537	0.0175070070225348
0.74014747616277	0.925501977035515	0.952574895804885	0.0185248699383735
0.755556678755102	0.927065037465725	0.956519541566105	0.0195529496973679
0.763721014877387	0.928797828295849	0.957566842081318	0.0205209708730797
0.773435679328828	0.931411675600093	0.96052784898625	0.0214544147940457
0.786080315698326	0.933751614689057	0.964299402387611	0.0224494233906341
0.798477809916148	0.938893271393929	0.967978496508604	0.0234755921246384
0.797699658271105	0.937286419440577	0.967266801670675	0.0244943718833059
0.807857049437614	0.939298325922051	0.971014255820037	0.0255397234534397
0.814077577395492	0.93844741264314	0.970185194809695	0.026551629258701
0.821431419457735	0.940131578947368	0.972388357256778	0.0275220597567783
0.827008972686668	0.93958259219732	0.974919957310566	0.0284564370014625
0.834490091831803	0.943663605606573	0.974809086515225	0.0294521674722088
0.840100723953415	0.946510072395341	0.97682562165565	0.030478466245672
0.849101772314873	0.941077068538896	0.976885473455511	0.031509665625943
0.849714553510566	0.94244205862304	0.979720518064076	0.0325347103271984
0.856531374934817	0.942225795237267	0.978272205805667	0.0335506150921258
0.86215972683297	0.944014986246799	0.97972588447311	0.0345172083515129
0.864633970255571	0.942917649323771	0.981325504163257	0.0354548686239592
0.862684232395571	0.945127465597732	0.980739618214259	0.0364547218219148
0.872156623394915	0.946524566304373	0.98206530669734	0.0374804866194042
0.874607072691552	0.945383104125737	0.983104125736739	0.0385193614833006
0.883420734167003	0.947937676482453	0.983309802339653	0.03953441568929
0.887780873278309	0.949410263754003	0.984273700106751	0.0405494517457755
0.892346557960613	0.947120629270253	0.985301716713556	0.041519768266636
0.893499269580852	0.947269356107428	0.986093943139679	0.0424516880183167
0.895382078064871	0.948103353490929	0.986366135239142	0.0434563296536559
0.892505415162455	0.950440433212996	0.985963898916968	0.0444817641877256
0.895546726755218	0.946572580645161	0.985442362428843	0.0455119045066414
0.89744769617768	0.944413767715811	0.984999079698141	0.0465332142094607
0.896586251134266	0.940705278638255	0.986169780030664	0.0475332269564129
0.899576453256399	0.933767110674606	0.989043029893806	0.0484965946013136
0.902657057131368	0.936434779918958	0.988276779362183	0.0494696004825389
0.916245487364621	0.947894103489771	0.989651022864019	0.0504487183393502
0.914057857701329	0.942861610633307	0.986489444878812	0.0514875059077404
0.914850580712515	0.944995432598199	0.988353125407804	0.0525092919678977
0.9150477551816	0.944220648430901	0.988694691702943	0.0535320169872003
0.920720207806996	0.947692417179661	0.990178984450059	0.0545325127246201
0.921786907027687	0.943153661076597	0.988652278521923	0.0555257505440442
0.92279502448994	0.942598400225519	0.988054547376581	0.0564498254765848
0.924098411282298	0.94437772363861	0.99004906838692	0.0574648611433277
0.933009184224743	0.949385467314965	0.990950837385197	0.0584878582624257
0.928171475444916	0.945040835978459	0.990477549128	0.0595170209279932
0.927421544668141	0.948291244811668	0.989254819814578	0.0605306192249505
0.929410349941877	0.943961197739207	0.990339519781938	0.0615346856215176
0.935369916904179	0.94881779133716	0.991931275340211	0.0625069135883746
0.932258064516129	0.947130289065773	0.991286133221617	0.0634624411059908
0.932233581164808	0.940442998760843	0.991442069392813	0.064460950844176
0.933782355014293	0.942749735677644	0.99005364764851	0.0654919868582841
0.937780781616507	0.948395817596311	0.990816204826462	0.066509144344611
0.940176542562489	0.947867505680825	0.992265338227583	0.0675321453854221
0.941989067333362	0.950718250773338	0.992753930251282	0.0685283692444595
0.942454851545761	0.947046219773492	0.992260264987538	0.0695148157593248
0.945891019941572	0.946187391506838	0.992124984122952	0.070465512121597
0.943094769096082	0.950842635149923	0.992427226964325	0.0714686014401401
0.945030654377111	0.947241106059974	0.99328523168036	0.072492848667473
0.943660733904636	0.945945945945946	0.993188310261481	0.0735188974027686
0.945427073149053	0.945471513643232	0.991956270553729	0.0745384773042396
0.950355848578789	0.949744574946514	0.991616818757368	0.0755240170458019
0.949170524691358	0.94458912037037	0.990403163580247	0.076510998992091
0.946415355010608	0.947451522178911	0.990427789016628	0.0774628887205803
0.950262144481047	0.945576021899504	0.990534960330348	0.0784712093908041
0.94854983381141	0.942448663661613	0.992623958475618	0.0794889819787825
0.948480784349998	0.942792396984692	0.993571659806687	0.0805151899643898
0.948884670147129	0.943236829615567	0.993070716658757	0.0815385572045562
0.950764696915807	0.946801483664448	0.992581677760276	0.0825344852802195
0.952366671664917	0.942570100464837	0.992552606587694	0.0835071688509022
0.948473816858023	0.94180901708205	0.991318958274993	0.0844731073144777
0.950809188843524	0.946431206650598	0.993605194549658	0.0854636675045501
0.951554158559098	0.940777328743202	0.991568128523674	0.08649762930699
0.952781302876481	0.947282148900169	0.991804145516074	0.0875021780298223
0.952955787382017	0.944063586686538	0.993591654247392	0.0885322669846001
0.95374358974359	0.944717948717949	0.991948717948718	0.0895274272974359
0.946640418587784	0.934310728902243	0.990985857120655	0.0905236052737916
0.956521739130435	0.946610447924652	0.993045668601467	0.0914704788851166
0.956253717622884	0.948466987508787	0.992267344400584	0.0924653473638674
0.954188412673309	0.939532922136117	0.992724972323264	0.0934954447572355
0.956903561554724	0.939719195533149	0.990838618745596	0.0945140214235377
0.960075204600752	0.945974341959743	0.995078522450785	0.0955175780026543
0.958533487935509	0.943018055325493	0.99514107448512	0.0965262526365192
0.957924881594889	0.943716268311488	0.993886991959467	0.0975227443606124
0.960371554376018	0.946196996200012	0.994571445804934	0.0984752616925026
0.961454503676471	0.941923253676471	0.994772518382353	0.0994779740349265
0.963749324689357	0.949270664505673	0.994435440302539	0.100498538411669
0.959292929292929	0.943080808080808	0.992777777777778	0.101504256868687
0.961095351126035	0.945406125166445	0.99212644010884	0.102518265385283
0.962545435389559	0.936732866248749	0.992730337670547	0.103512504820102
0.961671435383882	0.944802098235575	0.994575584167859	0.104522222520267
0.957740431795878	0.940076054955839	0.991474484789009	0.105482436457311
0.959835876098012	0.940765141007859	0.99329634766528	0.106467813280166
0.961508639787328	0.934315463003988	0.992467877713779	0.10749716349136
0.958143557221101	0.937849524358605	0.99360046122802	0.108511518420294
0.963425620082878	0.935018917782716	0.993814185334214	0.109515125277761
0.960276750566623	0.936955743767148	0.99153047834904	0.110523473816056
0.964340900986568	0.937596576726495	0.993224771187448	0.111533457565672
0.968591566712007	0.947693829603067	0.994064548040064	0.112473403734389
0.963291701008052	0.943130666328536	0.995054840550307	0.113474268560198
0.964206487199472	0.943222015708376	0.995803105701781	0.114486937526231
0.962622835751053	0.944606925596631	0.992922321010763	0.115507056270473
0.967155708506913	0.940711223812111	0.994686952846706	0.116523792549659
0.962927643342472	0.936464417689832	0.992549767552748	0.117517869889141
0.962336315311811	0.93951769739401	0.994619473615973	0.118523533320368
0.963232350193514	0.937808621379955	0.995529160549847	0.119481461897771
0.962179722937354	0.940603162927547	0.992521760451146	0.120480129827142
0.963608601603257	0.943122534673623	0.992810790176867	0.121496039699707
0.967834297898264	0.94498933901919	0.993968930855924	0.122504118611027
0.967117234208474	0.943527423966727	0.994541200935794	0.123515194567195
0.965045497332915	0.943081267649827	0.993222466269219	0.124542570003138
0.962614412788449	0.932899316746165	0.986979502384943	0.125510653989945
0.962816131237184	0.938961038961039	0.993301435406699	0.12648041544771
0.968126758840083	0.941759451853664	0.993392878991802	0.127470255414169
0.970511339454004	0.9401714598407	0.994710281510306	0.128501749863197
0.969562575941677	0.944228432563791	0.995321992709599	0.129492477156744
0.962504184800803	0.932909273518581	0.993639102778708	0.13052383970539
0.962789182144021	0.935223199739329	0.993548387096774	0.131496846725318
0.970570885495183	0.942911450481746	0.995674116798846	0.132492468244085
0.967221492188641	0.941378303401956	0.993429697766097	0.133482017447803
0.968652037617555	0.93998171368861	0.992881400208986	0.134483330394462
0.969918433931484	0.940554649265905	0.995628058727569	0.135497231908646
0.968170476768494	0.940117337649201	0.996628228471239	0.136507986243172
0.967547651101821	0.941047261390208	0.994614894069298	0.137523821228654
0.967100007262692	0.940663810007989	0.994988742828092	0.138496322463505
0.970769020625598	0.941469744570414	0.995014342302964	0.139502761507991
0.967827854489381	0.9368472699236	0.991659073386136	0.140497337001472
0.969453691012336	0.943476274394622	0.994190979701064	0.141465565367796
0.964207544740569	0.930990086262392	0.991116261104674	0.142488764452169
0.970546414787731	0.93418647166362	0.994650958087887	0.143494716229941
0.970203972803626	0.940007998933476	0.993400879882682	0.14450504832689
0.972911320216709	0.934915882520673	0.99493869404049	0.145506852936983
0.965296679368536	0.928211758301579	0.994420250408274	0.146484331654872
0.968138707765264	0.937759336099585	0.99407231772377	0.147482340026675
0.960033714968041	0.932359345367704	0.983915150663763	0.14847673105289
0.96776396667122	0.938806174019943	0.98961890452124	0.149488244502117
0.970612697532576	0.937344053229831	0.992930413085667	0.150503974008872
0.971927374301676	0.936871508379888	0.993435754189944	0.151512563477654
0.971590909090909	0.941619318181818	0.993963068181818	0.1524961265625
0.97169078715143	0.940345923049771	0.994211083656901	0.15349373653371
0.971227080394922	0.937940761636107	0.993511988716502	0.154478343370945
0.968910375604314	0.939382670137598	0.988917813313499	0.155473143919673
0.972680896764666	0.943213854208619	0.995234259632165	0.156490720230903
0.975786755983532	0.94285116181704	0.996092387132789	0.157497491661433
0.970722591362126	0.934108527131783	0.995224252491694	0.158513786198782
0.967267020402063	0.935131903445183	0.993797175099021	0.159507386891862
0.969338235294118	0.939117647058824	0.99375	0.160490770661765
0.971927925141134	0.937746500657335	0.994122650993736	0.16148321869925
0.966523159144893	0.93415973871734	0.992725653206651	0.162476648752969
0.970040599188016	0.930561388772225	0.990690186196276	0.163494046059079
0.965737951807229	0.937650602409639	0.993373493975904	0.164493053689759
0.972183072472369	0.939025294859432	0.992656331132705	0.165524297604035
0.973644033748493	0.94335074327039	0.993571715548413	0.16649586372037
0.967633330782768	0.935037110720024	0.994261228862193	0.167496725151121
0.967409684857802	0.936971560338201	0.991775557263643	0.168513323520369
0.971079147757865	0.940235366510268	0.99553880470733	0.169495804861165
0.971430680643733	0.939096412225011	0.995201535508637	0.170498601432157
0.974156949259376	0.939804601323668	0.996927198235109	0.17149466419792
0.972321567407868	0.938889752760068	0.993391385476598	0.17250883851656
0.969927352593344	0.935039702652475	0.992059469504984	0.173508814242271
0.974058252427184	0.940582524271845	0.994485436893204	0.174492192621359
0.975360623781676	0.936062378167641	0.994775828460039	0.175523927641326
0.975245609963642	0.938036667440241	0.995049121992728	0.176504042314535
0.974800290486565	0.939941902687001	0.995352214960058	0.1774990389252
0.970608981895133	0.933223606865742	0.994513676620425	0.178496853593542
0.974794607960437	0.941293770439499	0.995214166068437	0.179515911222781
0.973688458434221	0.935270379338176	0.993543179983858	0.180507912348668
0.97583543626214	0.940582702454691	0.993882388927124	0.181491656190258
0.975548636950414	0.937125066443921	0.996734755866049	0.182521784645759
0.974035487546801	0.935617776330783	0.99536057300993	0.183511863096207
0.975708502024291	0.946451760751661	0.996944465663433	0.184479323963028
0.970649250864387	0.937149442950442	0.994852093737995	0.185479313253938
0.970976047436998	0.931731294374659	0.994070375282827	0.186518550050714
0.974186845680492	0.930632142571725	0.991368976264685	0.187505376248701
0.974339792025137	0.914341288247176	0.993566245230792	0.188504305977407
0.974487853171883	0.933668418246897	0.996116061229152	0.189530018581982
0.971725793544945	0.930737085445008	0.99662132124122	0.190504071218992
0.969251128756033	0.934142923867352	0.994784368675074	0.191483316051689
0.970333648095688	0.936103242052251	0.994255587031791	0.192482170679887
0.972772849980717	0.935055919784034	0.994909371384497	0.19352097385268
0.970187463869849	0.931703691469155	0.992567511768106	0.194501075646214
0.966517141941685	0.927827619352772	0.988865748157642	0.195495142822813
0.97426055543012	0.933769850229548	0.993452246556785	0.196520733047339
0.975846218136231	0.932469703301295	0.994818219807773	0.197497252569996
0.976598083869955	0.940552850636092	0.994424375687137	0.198486297628396
0.977969348659004	0.94029374201788	0.994173052362708	0.199480186462324
0.974458141970832	0.93884457336234	0.995165578921924	0.200524260817017
0.970826039843294	0.930065849795782	0.994832041343669	0.201511227556889
0.974242542863853	0.935488921944727	0.993971658968136	0.202501678540672
0.971825579610011	0.93635805312452	0.995624136342699	0.20351378896054
0.974226359796569	0.928282044651323	0.995000430997328	0.204506263080769
0.971418791716584	0.936077357521821	0.993239774088653	0.205479346482971
0.972870821434571	0.934570804636318	0.995800436754578	0.206498191416093
0.974131498217395	0.933007213332228	0.99577149490092	0.207507658237294
0.967526690391459	0.926156583629893	0.995106761565836	0.208510869483986
0.972417608472299	0.930372243736663	0.994941911009247	0.20949913498775
0.972387359198999	0.930381727158949	0.996088861076345	0.210516013767209
0.973992088208063	0.935022304519822	0.994865752041074	0.211515150744887
0.976210705182668	0.931775700934579	0.996346644010195	0.212478855480034
0.971382745230458	0.929427654904609	0.995188249198041	0.213499967837245
0.973690581873941	0.938907271406666	0.995722701961101	0.214522274796223
0.973244968090329	0.933807887416135	0.995336278841433	0.215512827851415
0.972305890227577	0.933651271753681	0.994728915662651	0.216503553882195
0.973472531233955	0.935136060243026	0.993068629128872	0.217511109447202
0.976080531954193	0.932120428518655	0.995289988917621	0.218514265607684
0.971542685971043	0.931436179064736	0.994841071725745	0.219495080545848
0.973822426010838	0.934472696957065	0.994581075448103	0.220492419591496
0.971751886001677	0.930846605196982	0.994467728415759	0.221517789606035
0.977520134525179	0.930259314983627	0.994247278520223	0.222505283033897
0.973926894701543	0.929158283031522	0.994299128101945	0.223491567152918
0.972244964794498	0.922384149336827	0.993450139184542	0.224525592680531
0.969674372358936	0.916811666252382	0.995111442538736	0.225517733946474
0.970481265330288	0.907553074515774	0.994502241393893	0.226478187431278
0.97312736342425	0.928312816799421	0.995011666264382	0.227504341781318
0.971685431019997	0.929339606788775	0.993866577045875	0.228518833557385
0.973220836390316	0.932318415260455	0.994038884812913	0.229509914710198
0.967767714437933	0.926123246315042	0.987746403835908	0.230498024595987
0.967539622001865	0.923807102296805	0.993813035002966	0.231522005424188
0.971965263356617	0.923164055125543	0.994053237681707	0.232496137153106
0.968066643526553	0.918344324887192	0.993578618535231	0.233469915741062
0.962003763778116	0.92436598261493	0.991217851061923	0.234499809391523
0.971844244758237	0.932563115104835	0.992554557124519	0.235517241677364
0.97307411464038	0.928532311062432	0.993610806863819	0.236526847937203
0.97322903085615	0.932290308561495	0.993133420252064	0.237490485528031
0.973642593568793	0.930767879107362	0.994904234756633	0.238523171147426
0.970418326693227	0.932370517928287	0.993525896414343	0.239500488247012
0.976819498892108	0.938043292994716	0.995142321459008	0.240478874723027
0.972568578553616	0.928163462311962	0.995495133134905	0.241489963076181
0.974202424972053	0.933098288760856	0.99501246882793	0.242522373118927
0.972130684492986	0.925336597307222	0.994821579888899	0.24351440881273
0.964717383576253	0.920103092783505	0.995289726270885	0.244501831763242
0.973559146288776	0.929145424695412	0.994642702842824	0.245526722543852
0.976064596750937	0.93146207824666	0.994905315774296	0.24651037979429
0.973700042973786	0.926944563816072	0.994069617533305	0.247462533648474
0.9767522855899	0.933739660426643	0.995037004788855	0.248498772485851
0.971903270702853	0.925104384133612	0.994954766875435	0.249534667101601
0.971666336437488	0.92391519714682	0.995938181097682	0.250512558945908
0.976617440225035	0.929852320675105	0.995604781997187	0.251505735847398
0.973350694444444	0.925260416666667	0.993142361111111	0.252522151996528
0.974482284816959	0.917852586122289	0.994307586613014	0.253501467072333
0.968028888497446	0.918530914215255	0.991104456579179	0.254477499207328
0.966929692348612	0.910187073322103	0.993616455359518	0.25549454916216
0.977632350068373	0.92547372533698	0.995506934948232	0.25648248808361
0.97476370510397	0.923345935727788	0.994517958412098	0.257483687145558
0.973132317021814	0.926050703276341	0.994020045481344	0.258508936157669
0.979188900747065	0.935254357879758	0.994397011739594	0.259530478032729
0.976380337135359	0.929040072675886	0.994044614918744	0.260502350863026
0.974646120766888	0.926446873320193	0.993459953413367	0.261477783282566
0.974901043540842	0.933969053616409	0.996221662468514	0.262499977150054
0.973895189675401	0.935471255377395	0.994524833789597	0.26349197272194
0.974146384951413	0.932245698493358	0.995007577783721	0.264484670500134
0.974865185997624	0.927154739054931	0.994424641257655	0.265509199341925
0.977162565249814	0.925428784489187	0.994593586875466	0.266529154269202
0.976858154097468	0.918050639803975	0.994827116798258	0.267494338778474
0.973579081169421	0.925640094425277	0.993826039585981	0.268476613491919
0.97843137254902	0.932119514472456	0.994771241830065	0.269502528011205
0.976162332545311	0.935677698975571	0.994188337273444	0.270492863179669
0.974585635359116	0.917637059073523	0.993795155121122	0.271486839694008
0.974614367562803	0.922080211546937	0.995152049360952	0.272494425209343
0.97620882296282	0.924292043922173	0.994798690040455	0.273517767096898
0.976906799153556	0.928880301775692	0.994111693808078	0.274483727665839
0.979032404465826	0.930198783697921	0.994644640101661	0.275477775710266
0.975486526946108	0.928985778443114	0.992982784431138	0.27650732194985
0.970968727717225	0.919934806967505	0.991443414485077	0.27750073352348
0.979996395746981	0.928365471256082	0.996035321679582	0.278480035141467
0.976788466769426	0.926466588085955	0.995829177622631	0.279506916311542
0.976340842680743	0.924969365632953	0.993496088226977	0.280515311999246
0.974610730933254	0.92373301596747	0.993851036397897	0.281483509173857
0.966636609558161	0.918575293056808	0.992605951307484	0.282488420649234
0.973813420621931	0.925895617384979	0.991907619567194	0.283492392707765
0.973229873908826	0.925703200775946	0.992434529582929	0.284493177788555
0.973434369828412	0.92918735301803	0.993380367563801	0.285483979008797
0.976695683714182	0.929542981501632	0.994922016684802	0.286508663220892
0.977268492640209	0.93236444941308	0.994596608906279	0.287522680547792
0.977685212734305	0.929981156401865	0.995636219379153	0.288487947237925
0.977397075970939	0.933177863485514	0.993721409991927	0.289495785810387
0.974157413776162	0.933870492286528	0.992826962759163	0.2904907744915
0.976080484549841	0.927830818191151	0.9927112206139	0.29148640416795
0.973512513389814	0.931833674164963	0.994741454864154	0.292484328074788
0.972424073038942	0.930408049189491	0.995528228060369	0.293513441121669
0.974214264863287	0.924394278485939	0.993577892381045	0.294512187214168
0.97718036886527	0.928102532041263	0.993852245493383	0.295482019381057
0.977684531756628	0.925615105855426	0.995803929048255	0.296493741083349
0.973571161748226	0.923888681359731	0.994957041464326	0.2974963608517
0.972571986334797	0.927086383601757	0.99502196193265	0.298492963884822
0.972371901636132	0.927108846869795	0.993631821299108	0.299483075144509
0.97466838614591	0.915899042004422	0.994288872512896	0.300504838061901
0.978350023843586	0.929804482594182	0.993991416309013	0.301520940772532
0.977958120428815	0.924256086564472	0.995291053000701	0.302490785592626
0.975607337630144	0.921566683192861	0.993852255825483	0.303492477045117
0.973573992820104	0.926505783805345	0.995113681691264	0.304495045572397
0.975622460672987	0.931451192832587	0.995937076778831	0.305498554849463
0.973265073947668	0.928612059158134	0.995733788395904	0.306492274744027
0.974247301647415	0.92312062109449	0.99706494982011	0.307508642113236
0.975466718795817	0.923956602482651	0.995210634346594	0.308524459485876
0.978583028826634	0.924482338611449	0.994518879415347	0.309490134896468
0.977797870202934	0.929776974080772	0.994173196704842	0.31047527928471
0.97667696601216	0.924947672680156	0.995116116814512	0.311501583374863
0.968112641060151	0.91893570763019	0.993684646443731	0.312498812506471
0.977301509985387	0.917681441792499	0.996005845104725	0.313493826595227
0.977307840865199	0.925840092699884	0.995171881035149	0.314506533024334
0.976925939709713	0.91914774841831	0.995534052847041	0.315526418868627
0.966921966921967	0.918192918192918	0.995670995670996	0.316488575868576
0.977200947493091	0.926569285432294	0.994867745756021	0.317485535827082
0.977589734052446	0.93193230425888	0.996187465129254	0.318506001859773
0.977322955702892	0.927068319400404	0.995387719803978	0.319489041606611
0.97782297114081	0.932306798373039	0.99535153980244	0.320487837400736
0.977815192631475	0.918292562147172	0.996236505892839	0.321495886203823
0.974942396313364	0.916954685099846	0.995391705069124	0.322501736847158
0.972339766745794	0.918361027969863	0.993704200639901	0.323501724429766
0.974030933740691	0.924193240404812	0.994557953026542	0.32448406988734
0.975508591744025	0.926525775232076	0.99476594904207	0.32550012729607
0.964699269252389	0.913546936481169	0.994940978077572	0.326498539966273
0.973802619738026	0.931106889311069	0.993200679932007	0.327492158984102
0.974759615384615	0.930388621794872	0.994190705128205	0.328492658553686
0.974075899457861	0.927550517496304	0.993592902907836	0.329502367964515
0.973189314302247	0.92410068473334	0.994792168965185	0.330543208409683
0.978326504205305	0.927000215656675	0.994069441449213	0.331514444791891
0.978831333528436	0.928397229538582	0.995512632913862	0.332509805775046
0.975168831168831	0.930493506493506	0.992935064935065	0.333492681350649
0.977387422360248	0.925854037267081	0.994565217391304	0.334489017274845
0.974590163934426	0.920901639344262	0.99344262295082	0.335499119979508
0.974276839448651	0.926130848378956	0.994078819646671	0.336503928266356
0.972269839669255	0.92467480084703	0.994554804880508	0.33752324967228
0.974846755442824	0.924540266328472	0.994398647220461	0.338510950538998
0.975690493431261	0.924692251991311	0.995344988103859	0.339509071066515
0.97008684464458	0.920446016940066	0.99592580679747	0.340501270719417
0.964712578258395	0.905805350028458	0.995826218933789	0.341490222443559
0.972829887124163	0.914494056537808	0.994206372989711	0.342501012785935
0.969986357435198	0.917852270512571	0.992788930033132	0.343512370785422
0.974729957387771	0.92200971162422	0.993063125557427	0.344520373005649
0.969445268466331	0.91950954217344	0.996044694947098	0.345514228616632
0.977834265378749	0.923029994916116	0.995221148957804	0.3464983061515
0.973236537002926	0.909849387799328	0.994148878535053	0.347497891537545
0.973069306930693	0.911089108910891	0.991881188118812	0.348491255841584
0.974758875436076	0.921403652780628	0.992714959983583	0.349498722039811
0.970532414344221	0.921686145240236	0.989811207671561	0.350512224552992
0.97600422832981	0.922410147991543	0.994820295983087	0.351532361205074
0.969398448962482	0.913435338503458	0.992559211905261	0.352513664745336
0.954287483231865	0.900939015581467	0.978433598183882	0.353502819626458
0.973669835026767	0.918824429148913	0.993007757019556	0.354506028405987
0.979131804311448	0.926567575548774	0.995373560389802	0.355494535092037
0.972719785876055	0.923924233065678	0.993926291949763	0.356500479411159
0.972661430174436	0.925022952157503	0.995307558910538	0.357515475976742
0.97880036169999	0.929368029739777	0.995277805686728	0.358533635788205
0.979017999786985	0.920332303759719	0.99478112685057	0.359512706145489
0.981945624468989	0.934154630416313	0.995220900594732	0.360512421197961
0.977153898613321	0.930211411684474	0.994089565810411	0.361500863491703
0.97770734284205	0.927205493924987	0.995034337031168	0.362494797147385
0.976033233915637	0.926608436301662	0.995526203664252	0.363508451640392
0.974631914046956	0.924094707520891	0.997015519299642	0.364510200557103
0.979677576941866	0.918710307767465	0.994626282364436	0.365521956228627
0.978070649238414	0.922004969212488	0.995138813870584	0.366515820460192
0.97842355914083	0.928175721644475	0.995626397123141	0.367510172708718
0.979478536730445	0.930405472390205	0.995737087340141	0.368499126896005
0.979713966933766	0.928086012780201	0.996449944213409	0.369471297393245
0.978956999085087	0.929246721561452	0.995628748602216	0.37048368557487
0.980581494057725	0.92901103565365	0.995967741935484	0.371511884337861
0.979850599567525	0.931983487320621	0.994692353056811	0.372531256831138
0.971571019412326	0.917895406810226	0.992150206852657	0.373510419963933
0.979790419161677	0.924935842600513	0.995936698032506	0.374510969418306
0.980797304884896	0.92049410443571	0.996294216732173	0.375505122403144
0.980682839173405	0.921271338724169	0.994721473495058	0.376492057502246
0.976139925184511	0.924679001112122	0.995652613487008	0.37748905328076
0.97724358974359	0.91965811965812	0.994444444444444	0.378513311217949
0.978381096028155	0.926596279537456	0.994972347913524	0.379536710005028
0.976662027620169	0.929129643507119	0.995289583556364	0.380521811048068
0.976032097983317	0.919543870763383	0.993876042656531	0.381475541759054
0.974274542086849	0.928997736159704	0.994340399259107	0.382474813130274
0.978572959074352	0.930683522605528	0.995286050996357	0.383484207306621
0.97489410063023	0.926438681681992	0.992457898543238	0.384489351792541
0.971130022621997	0.921038457395239	0.989766239362275	0.385513664224927
0.974086661002549	0.92374681393373	0.993734069668649	0.386521891248938
0.971643518518518	0.920138888888889	0.99525462962963	0.38751778599537
0.974018794914317	0.92260917634052	0.992592592592593	0.388477083803206
0.977208551835418	0.923457039128681	0.99515933844292	0.389483329870916
0.979268166269307	0.92495076189489	0.996268269928475	0.390479040219757
0.976803848209514	0.916408337787279	0.99497594869054	0.391492367931587
0.973784817039869	0.918405243036592	0.991698525395958	0.392496081376297
0.974024550635686	0.920977641385357	0.994410346339325	0.393539583735204
0.98075696364023	0.924728896449075	0.997235806931746	0.394510255687859
0.970987313844457	0.915940430226144	0.995146166574738	0.395487518257033
0.974563644103874	0.918475947211579	0.996168582375479	0.396472310983397
0.980954396360174	0.924452438895355	0.996296688181145	0.397492933446196
0.977296288617043	0.926809040016587	0.995645863570392	0.398485559299191
0.972017973856209	0.914113562091503	0.993055555555556	0.399511314644608
0.966909532483303	0.908318154219794	0.994434325035418	0.400530376340822
0.962471692009059	0.909953628814839	0.992127682519142	0.401525639059636
0.963918096292197	0.914111787493082	0.991920309905921	0.402483591366906
0.974147582697201	0.917964376590331	0.992977099236641	0.403485667073791
0.973670624677336	0.918637067630356	0.993908105317501	0.404481594837377
0.973635427394439	0.915653964984552	0.994129763130793	0.405491810195675
0.96992251223491	0.914559543230016	0.994596247960848	0.406502574632953
0.972807472755579	0.922677737415672	0.995744680851064	0.407528829268293
0.977490897053956	0.920445768509324	0.995255434182942	0.408523153701865
0.978304405874499	0.923008455718736	0.994882064975523	0.409484021918113
0.982111099487394	0.920389162046239	0.996861596401297	0.41047245349932
0.976686353745726	0.924360169930577	0.9943011086934	0.411467848305875
0.97333185791745	0.92364722806241	0.993913909483236	0.412491459776475
0.976413043478261	0.9275	0.996086956521739	0.413508165652174
0.979070740895772	0.926747593135203	0.994558392632901	0.414529316973629
0.974069520509668	0.922320330837152	0.991617301888901	0.415518477031407
0.975182651049519	0.919053693610112	0.991882175576945	0.416484378754494
0.977033044293415	0.917740801499883	0.993086477618936	0.417466024958988
0.975652173913043	0.920115942028986	0.99304347826087	0.418459197565217
0.973295853829937	0.917193722183181	0.993675333801827	0.419484054579527
0.980189491817399	0.91365202411714	0.995478036175711	0.42050269121447
0.975182805229337	0.914580101927764	0.994238865499668	0.42153548736982
0.976587879466786	0.916881371121317	0.995855270527613	0.422526860535454
0.977865168539326	0.922022471910112	0.996067415730337	0.423497705730337
0.979199830202696	0.926244295871803	0.994693834235381	0.424472915207471
0.980972515856237	0.921775898520085	0.995104039167687	0.425461949927673
0.979454219787167	0.926140554209251	0.994415762301127	0.426494440311874
0.979043524986566	0.934121440085975	0.995271359484148	0.427499997313272
0.974511286316017	0.929258019224538	0.99492385786802	0.428530899125176
0.975852272727273	0.911931818181818	0.995083041958042	0.429530845607517
0.974631470689064	0.919780596503257	0.994286367272312	0.430491471717518
0.977680008584612	0.929176950316558	0.993990771542011	0.431471172872626
0.978751225890814	0.921978860193963	0.99476953252697	0.432473847662635
0.974207188160677	0.918287526427061	0.990697674418605	0.433488825475687
0.97677539223782	0.926610239471511	0.995458298926507	0.434510224298101
0.974590163934426	0.924180327868853	0.994364754098361	0.435538807889344
0.973510673968928	0.918855482284565	0.992511456354085	0.436533217391304
0.971582928146948	0.908373851971907	0.991247974068071	0.437503041058887
0.979726890756302	0.919117647058823	0.995693277310924	0.438468153361345
0.974689068295876	0.924394501418285	0.994981453196596	0.439466966288457
0.977035040431267	0.923342318059299	0.993638814016172	0.440483948679245
0.9735752944922	0.919558527008384	0.994799957550674	0.441508839010931
0.975789905621666	0.926651620845302	0.993947476405416	0.442536776569553
0.975497358660223	0.919973024615039	0.993480948634371	0.443540211531977
0.976218787158145	0.925305372392174	0.994054696789536	0.444496893741217
0.977966710573584	0.926835109567716	0.994970662196144	0.445451389294695
0.976809954751131	0.92183257918552	0.993665158371041	0.446471858371041
0.977558542931483	0.925411968777103	0.996313963573287	0.447486396465742
0.974426807760141	0.924713403880071	0.995039682539683	0.44850731712963
0.976411488478759	0.920170361472098	0.991591132466965	0.449543847875942
0.970101925254813	0.908946772366931	0.988674971687429	0.450538601132503
0.957315731573157	0.903410341034103	0.980968096809681	0.451498685148515
0.97847935328818	0.91883329691938	0.99421018134149	0.452467433362464
0.979003749330477	0.925441885377611	0.996679164434922	0.45346231033744
0.97408142999007	0.920754716981132	0.995034756703079	0.454496613902681
0.972275743952045	0.916399058017555	0.994540783558125	0.455503795011775
0.974284170718531	0.924041058887088	0.994921663965424	0.456548255861696
0.977891358611672	0.92535361939855	0.99370022584096	0.457530878402472
0.973629081947012	0.916081330868762	0.994331484904498	0.458483977572397
0.975843812045003	0.92488418266049	0.9933818663137	0.45945436090889
0.975443687911597	0.928116977341221	0.996651411987945	0.46046348320125
0.978950812520449	0.924528301886792	0.995201221507253	0.461482272875995
0.98044955567172	0.930475692629378	0.994563512807109	0.46252133978045
0.97371347689819	0.91851177838439	0.994034981296128	0.463531862096856
0.973586183542161	0.91748504345863	0.995146179026978	0.464542085562705
0.977875086425444	0.922562802489053	0.995621110855036	0.465489424982715
0.976279650436954	0.925301706200583	0.993237619642114	0.466445284228048
0.979777135782088	0.919418076764342	0.994531572430871	0.467476773627734
0.980394138453765	0.920869125821122	0.996462860030318	0.468483505608893
0.978971476160733	0.917551530293567	0.994378513429107	0.469509145221736
0.972902666377628	0.914914372425753	0.995881205289399	0.470547657706482
0.975843354261999	0.910290518250505	0.994785569862722	0.471547102160264
0.975415593537813	0.914656988995551	0.992858815265746	0.47247234593772
0.97899637868598	0.926849456802897	0.995757889291257	0.473438979306777
0.975459459459459	0.922378378378378	0.995783783783784	0.474470658054054
0.971847200418629	0.920251177394035	0.995604395604396	0.475484379696494
0.978854531930719	0.925618956540219	0.995430878758899	0.476520004250345
0.976797385620915	0.92156862745098	0.994771241830065	0.47753978453159
0.979071579650451	0.91817878214405	0.995547144606479	0.478557776911945
0.980342568111277	0.923324520059777	0.995861593286585	0.479475655592597
0.978784648187633	0.926865671641791	0.995415778251599	0.480435652345416
0.978741679192613	0.929890487438265	0.996349581275499	0.481465166416148
0.97334928750136	0.921461981942783	0.99575764168389	0.482489873273143
0.972534847702633	0.921734641197728	0.994837377387713	0.483535537945276
0.96892486011191	0.915167865707434	0.992306155075939	0.484545356115108
0.979662986635677	0.91958163858222	0.994538059267868	0.48554364636839
0.978985135827781	0.925679138903127	0.99308047155305	0.486480233470015
0.972558340535869	0.923076923076923	0.994706136560069	0.487437740492653
0.971478718736288	0.920250109697236	0.993308468626591	0.488460978060553
0.979401146740285	0.922382671480144	0.993629220641325	0.489512458377575
0.977005723466212	0.907119188673562	0.995481474043579	0.490517265187268
0.977115987460815	0.913479623824451	0.993103448275862	0.491552280250784
0.977217429772174	0.914067684140677	0.994359654943597	0.492556363636364
0.972805165776729	0.916801192102322	0.994536197690302	0.493476042468645
0.975160599571735	0.9203426124197	0.994539614561028	0.494438958672377
0.97556114956996	0.918921753723516	0.993811621564926	0.495465732116635
0.979106705042106	0.927086664534698	0.99413708559855	0.496495357211385
0.981561937056268	0.924764225919254	0.996291194235456	0.497523667373106
0.972304536129473	0.915545931160246	0.99259174834739	0.498557527353545
0.976452490829488	0.91527629866288	0.99053366465507	0.499547391196308
